      1.4161     0.78419           0     -2.3574      2.3574       10987      8101.7           1
      1.4161     0.78419           0     -2.3574      2.3574       10987      8101.7           1
      1.4161     0.78419           0     -2.3574      2.3574       10987      8101.7           1
      1.4161     0.78419           0     -2.3574      2.3574       10987      8101.7           1
      1.4161     0.78419           0     -2.3574      2.3574       10987      8101.7           1
      1.4161     0.78419           0     -2.3574      2.3574       10987      8101.7           1
      1.4161     0.78419           0     -2.3574      2.3574       10987      8101.7           1
      1.4161     0.78419           0     -2.3574      2.3574       10987      8101.7           1
      1.4161     0.78419           0     -2.3574      2.3574       10987      8101.7           1
      1.4161     0.78419           0     -2.3574      2.3574       10987      8101.7           1
      1.4161     0.78419           0     -2.3574      2.3574       10987      8101.7           1
      1.4161     0.78419           0     -2.3574      2.3574       10987      8101.7           1
      1.4161     0.78419           0     -2.3574      2.3574       10987      8101.7           1
      1.4161     0.78419           0     -2.3574      2.3574       10987      8101.7           1
      1.4161     0.78419           0     -2.3574      2.3574       10987      8101.7           1
      1.4161     0.78419           0     -2.3574      2.3574       10987      8101.7           1
      1.4161     0.78419           0     -2.3574      2.3574       10987      8101.7           1
      1.4161     0.78419           0     -2.3574      2.3574       10987      8101.7           1
      1.4161     0.78419           0     -2.3574      2.3574       10987      8101.7           1
      1.4161     0.78419           0     -2.3574      2.3574       10987      8101.7           1
      1.4161     0.78419           0     -2.3574      2.3574       10987      8101.7           1
      1.4161     0.78419           0     -2.3574      2.3574       10987      8101.7           1
      1.4161     0.78419           0     -2.3574      2.3574       10987      8101.7           1
      1.4161     0.78419           0     -2.3574      2.3574       10987      8101.7           1
      1.4161     0.78419           0     -2.3574      2.3574       10987      8101.7           1
      1.4161     0.78419           0     -2.3574      2.3574       10987      8101.7           1
      1.4161     0.78419           0     -2.3574      2.3574       10987      8101.7           1
      1.4161     0.78419           0     -2.3574      2.3574       10987      8101.7           1
      1.4161     0.78419           0     -2.3574      2.3574       10987      8101.7           1
      1.4161     0.78419           0     -2.3574      2.3574       10987      8101.7           1
      1.4161     0.78419           0     -2.3574      2.3574       10987      8101.7           1
      1.4161     0.78419           0     -2.3574      2.3574       10987      8101.7           1
      1.4161     0.78419           0     -2.3574      2.3574       10987      8101.7           1
      1.4161     0.78419           0     -2.3574      2.3574       10987      8101.7           1
      1.4161     0.78419           0     -2.3574      2.3574       10987      8101.7           1
      1.4161     0.78419           0     -2.3574      2.3574       10987      8101.7           1
      1.4161     0.78419           0     -2.3574      2.3574       10987      8101.7           1
      1.4161     0.78419           0     -2.3574      2.3574       10987      8101.7           1
      1.4161     0.78419           0     -2.3574      2.3574       10987      8101.7           1
      1.4161     0.78419           0     -2.3574      2.3574       10987      8101.7           1
      1.4161     0.78419           0     -2.3574      2.3574       10987      8101.7           1
      1.4161     0.78419           0     -2.3574      2.3574       10987      8101.7           1
      1.4161     0.78419           0     -2.3574      2.3574       10987      8101.7           1
      1.4161     0.78419           0     -2.3574      2.3574       10987      8101.7           1
      1.4161     0.78419           0     -2.3574      2.3574       10987      8101.7           1
      1.4161     0.78419           0     -2.3574      2.3574       10987      8101.7           1
      1.4161     0.78419           0     -2.3574      2.3574       10987      8101.7           1
      1.4161     0.78419           0     -2.3574      2.3574       10987      8101.7           1
      1.4161     0.78419           0     -2.3574      2.3574       10987      8101.7           1
      1.4161     0.78419           0     -2.3574      2.3574       10987      8101.7           1
      1.4161     0.78419           0     -2.3574      2.3574       10987      8101.7           1
      1.4161     0.78419           0     -2.3574      2.3574       10987      8101.7           1
      1.4161     0.78419           0     -2.3574      2.3574       10987      8101.7           1
      1.4161     0.78419           0     -2.3574      2.3574       10987      8101.7           1
      1.4161     0.78419           0     -2.3574      2.3574       10987      8101.7           1
      1.4161     0.78419           0     -2.3574      2.3574       10987      8101.7           1
      1.4161     0.78419           0     -2.3574      2.3574       10987      8101.7           1
      1.4161     0.78419           0     -2.3574      2.3574       10987      8101.7           1
      1.4161     0.78419           0     -2.3574      2.3574       10987      8101.7           1
      1.4161     0.78419           0     -2.3574      2.3574       10987      8101.7           1
      1.4161     0.78419           0     -2.3574      2.3574       10987      8101.7           1
      1.4161     0.78419           0     -2.3574      2.3574       10987      8101.7           1
      1.4161     0.78419           0     -2.3574      2.3574       10987      8101.7           1
      1.4161     0.78419           0     -2.3574      2.3574       10987      8101.7           1
      1.4161     0.78419           0     -2.3574      2.3574       10987      8101.7           1
      1.4161     0.78419           0     -2.3574      2.3574       10987      8101.7           1
      1.4161     0.78419           0     -2.3574      2.3574       10987      8101.7           1
      1.4161     0.78419           0     -2.3574      2.3574       10987      8101.7           1
      1.4161     0.78419           0     -2.3574      2.3574       10987      8101.7           1
      1.4161     0.78419           0     -2.3574      2.3574       10987      8101.7           1
      1.4161     0.78419           0     -2.3574      2.3574       10987      8101.7           1
      1.4161     0.78419           0     -2.3574      2.3574       10987      8101.7           1
      1.4161     0.78419           0     -2.3574      2.3574       10987      8101.7           1
      1.4161     0.78419           0     -2.3574      2.3574       10987      8101.7           1
      1.4161     0.78419           0     -2.3574      2.3574       10987      8101.7           1
      1.4161     0.78419           0     -2.3574      2.3574       10987      8101.7           1
