0  0.00256028  0.000145425  
0  0.00256028  0.000145425  
0  0.00256028  0.000145425  
0  0.00256028  0.000145425  
0  0.00256028  0.000145425  
0  0.00256028  0.000145425  
0  0.00256028  0.000145425  
0  0.00256028  0.000145425  
0  0.00256028  0.000145425  
0  0.00256028  0.000145425  
0  0.00256028  0.000145425  
0  0.00256028  0.000145425  
0  0.00256028  0.000145425  
0  0.00256028  0.000145425  
0  0.00256028  0.000145425  
0  0.00256028  0.000145425  
0  0.00256028  0.000145425  
0  0.00256028  0.000145425  
0  0.00256028  0.000145425  
0  0.00256028  0.000145425  
0  0.00256028  0.000145425  
0  0.00256028  0.000145425  
0  0.00256028  0.000145425  
0  0.00256028  0.000145425  
0  0.00256028  0.000145425  
0  0.00256028  0.000145425  
0  0.00256028  0.000145425  
0  0.00256028  0.000145425  
0  0.00256028  0.000145425  
0  0.00256028  0.000145425  
0  0.00256028  0.000145425  
0  0.00256028  0.000145425  
0  0.00256028  0.000145425  
0  0.00256028  0.000145425  
0  0.00256028  0.000145425  
0  0.00256028  0.000145425  
0  0.00256028  0.000145425  
0  0.00256028  0.000145425  
0  0.00256028  0.000145425  
0  0.00256028  0.000145425  
0  0.00256028  0.000145425  
0  0.00256028  0.000145425  
0  0.00256028  0.000145425  
0  0.00256028  0.000145425  
0  0.00256028  0.000145425  
0  0.00256028  0.000145425  
0  0.00256028  0.000145425  
0  0.00256028  0.000145425  
0  0.00256028  0.000145425  
0  0.00256028  0.000145425  
0  0.00256028  0.000145425  
0  0.00256028  0.000145425  
0  0.00256028  0.000145425  
0  0.00256028  0.000145425  
0  0.00256028  0.000145425  
0  0.00256028  0.000145425  
0  0.00256028  0.000145425  
0  0.00256028  0.000145425  
0  0.00256028  0.000145425  
0  0.00256028  0.000145425  
0  0.00256028  0.000145425  
0  0.00256028  0.000145425  
0  0.00256028  0.000145425  
0  0.00256028  0.000145425  
0  0.00256028  0.000145425  
0  0.00256028  0.000145425  
0  0.00256028  0.000145425  
0  0.00256028  0.000145425  
0  0.00256028  0.000145425  
0  0.00256028  0.000145425  
0  0.00256028  0.000145425  
0  0.00256028  0.000145425  
0  0.00256028  0.000145425  
0  0.00256028  0.000145425  
0  0.00256028  0.000145425  
0  0.00256028  0.000145425  
