0.00426281 -0.00695264 0.00417043
0.00229872 -0.00518878 0.000264072
0.00303799 -0.00548858 0.0016933
0.00303799 -0.00548858 0.0016933
0.00283548 -0.00552498 0.00253744
0.00286496 -0.00548329 0.00268377
0.00286496 -0.00548329 0.00268377
0.0041235 -0.00577872 0.00393486
0.0041235 -0.00577872 0.00393486
0.0041235 -0.00577872 0.00393486
0.0043691 -0.00624854 0.00383815
0.00384118 -0.00528553 0.00410599
0.00384118 -0.00528553 0.00410599
0.00383628 -0.00477472 0.00391799
0.00383628 -0.00477472 0.00391799
0.00618328 -0.00506235 0.00580826
0.00505358 -0.00609077 0.00565251
0.00505358 -0.00609077 0.00565251
0.00505358 -0.00609077 0.00565251
0.00415914 -0.007033 0.00457641
0.00496408 -0.00683214 0.00578515
0.00496408 -0.00683214 0.00578515
0.00535907 -0.00553305 0.00506693
0.00535907 -0.00553305 0.00506693
0.00457892 -0.00530505 0.00355794
0.00277551 -0.00719218 0.00304105
0.00277551 -0.00719218 0.00304105
0.00405044 -0.00595818 0.00344737
0.00405044 -0.00595818 0.00344737
0.00374375 -0.00597794 0.00174396
0.00466723 -0.00704934 0.00291201
0.00466723 -0.00704934 0.00291201
0.00633541 -0.00661708 0.00462688
0.00633541 -0.00661708 0.00462688
0.00633541 -0.00661708 0.00462688
0.00516776 -0.006888 0.00420567
0.00481872 -0.00713393 0.00411567
0.00481872 -0.00713393 0.00411567
0.00551064 -0.00716913 0.00448754
0.00551064 -0.00716913 0.00448754
0.00524069 -0.00668746 0.00374946
0.00524069 -0.00668746 0.00374946
0.00463372 -0.00673892 0.00395526
0.00588878 -0.00684721 0.00521642
0.00588878 -0.00684721 0.00521642
0.00389439 -0.00631585 0.00268634
0.00389439 -0.00631585 0.00268634
0.00389439 -0.00631585 0.00268634
0.00720009 -0.00828773 0.00707555
0.0064289 -0.00805143 0.00683455
0.0064289 -0.00805143 0.00683455
0.00540563 -0.00713631 0.00509713
0.00540563 -0.00713631 0.00509713
0.00537605 -0.00690286 0.0051549
0.00601498 -0.00621017 0.00480416
0.00601498 -0.00621017 0.00480416
0.00454709 -0.00706254 0.00326635
0.00454709 -0.00706254 0.00326635
0.00516689 -0.00865335 0.00481395
0.00563594 -0.00808741 0.00476165
0.00563594 -0.00808741 0.00476165
0.00419156 -0.0071054 0.00274666
0.00419156 -0.0071054 0.00274666
0.00485623 -0.00769984 0.0024847
0.00485623 -0.00769984 0.0024847
0.00511221 -0.00598071 -0.00125687
0.00511221 -0.00598071 -0.00125687
0.00426558 -0.00456669 -0.00970657
0.00426558 -0.00456669 -0.00970657
0.00682928 -0.00346708 -0.0157316
0.00576386 0.00633912 -0.0259929
0.00576386 0.00633912 -0.0259929
0.00576386 0.00633912 -0.0259929
0.00624149 0.0115681 -0.0326474
0.00620835 0.0222631 -0.0426829
0.00620835 0.0222631 -0.0426829
0.00645202 0.0280607 -0.0490811
0.00645202 0.0280607 -0.0490811
0.00584074 0.0335477 -0.0553623
0.00584074 0.0335477 -0.0553623
0.00754419 0.0380121 -0.0593854
0.00754419 0.0380121 -0.0593854
0.00897201 0.0473436 -0.0708431
0.00897201 0.0473436 -0.0708431
0.012956 0.0546961 -0.0772622
0.013385 0.0651221 -0.0923353
0.013385 0.0651221 -0.0923353
0.0134432 0.0728173 -0.104373
0.0134432 0.0728173 -0.104373
0.0163634 0.0804277 -0.113468
0.0163634 0.0804277 -0.113468
0.0161906 0.087978 -0.122351
0.0169636 0.096293 -0.132254
0.0169636 0.096293 -0.132254
0.019827 0.105404 -0.139449
0.0218071 0.11316 -0.151735
0.0218071 0.11316 -0.151735
0.0260664 0.124222 -0.156696
0.0260664 0.124222 -0.156696
0.0278046 0.134673 -0.166954
0.0278046 0.134673 -0.166954
0.0343864 0.139955 -0.170449
0.0321844 0.149006 -0.184541
0.0321844 0.149006 -0.184541
0.0360982 0.156855 -0.188763
0.0360982 0.156855 -0.188763
0.0359091 0.167286 -0.199621
0.0385896 0.176931 -0.207594
0.0385896 0.176931 -0.207594
0.0385896 0.176931 -0.207594
0.0403743 0.188019 -0.220112
0.043035 0.197292 -0.228274
0.043035 0.197292 -0.228274
0.043035 0.197292 -0.228274
0.0472716 0.207276 -0.238406
0.0486229 0.21583 -0.246722
0.0486229 0.21583 -0.246722
0.0515763 0.225113 -0.261464
0.0515763 0.225113 -0.261464
0.0572267 0.235956 -0.26818
0.0572267 0.235956 -0.26818
0.0580954 0.244686 -0.279052
0.0596552 0.253498 -0.288882
0.0596552 0.253498 -0.288882
0.0632395 0.261083 -0.296797
0.0632395 0.261083 -0.296797
0.0661128 0.27025 -0.305134
0.0661128 0.27025 -0.305134
0.0703875 0.276597 -0.311408
0.0703875 0.276597 -0.311408
0.0705295 0.28235 -0.3223
0.0705295 0.28235 -0.3223
0.0742922 0.291033 -0.330671
0.0764112 0.296981 -0.339312
0.0764112 0.296981 -0.339312
0.0799756 0.305293 -0.345626
0.0820334 0.310111 -0.35227
0.0820334 0.310111 -0.35227
0.0820334 0.310111 -0.35227
0.0848043 0.316464 -0.363177
0.0898307 0.323845 -0.369867
0.0898307 0.323845 -0.369867
0.0918561 0.33028 -0.380895
0.0982056 0.339373 -0.393697
0.0982056 0.339373 -0.393697
0.10398 0.351019 -0.413276
0.10398 0.351019 -0.413276
0.1109 0.362115 -0.428487
0.1109 0.362115 -0.428487
0.117258 0.37462 -0.444898
0.117258 0.37462 -0.444898
0.124301 0.390511 -0.458029
0.132768 0.400956 -0.469826
0.132768 0.400956 -0.469826
0.138399 0.412101 -0.482794
0.145469 0.423372 -0.495115
0.145469 0.423372 -0.495115
0.151473 0.433935 -0.507931
0.151473 0.433935 -0.507931
0.158821 0.445408 -0.519599
0.158821 0.445408 -0.519599
0.167028 0.456301 -0.532482
0.173813 0.465843 -0.54274
0.173813 0.465843 -0.54274
0.181394 0.476022 -0.549513
0.181394 0.476022 -0.549513
0.187258 0.484294 -0.563701
0.187258 0.484294 -0.563701
0.19477 0.493327 -0.571135
0.199315 0.497931 -0.578969
0.199315 0.497931 -0.578969
0.199315 0.497931 -0.578969
0.205694 0.505364 -0.584743
0.210657 0.513288 -0.592527
0.210657 0.513288 -0.592527
0.217034 0.519346 -0.600166
0.217034 0.519346 -0.600166
0.228146 0.534156 -0.615763
0.228146 0.534156 -0.615763
0.233938 0.541346 -0.622449
0.239503 0.545677 -0.632216
0.239503 0.545677 -0.632216
0.241573 0.55535 -0.643258
0.241573 0.55535 -0.643258
0.249941 0.561505 -0.650496
0.255574 0.569942 -0.661179
0.255574 0.569942 -0.661179
0.26119 0.579766 -0.672587
0.268707 0.586542 -0.678873
0.268707 0.586542 -0.678873
0.278755 0.593391 -0.690969
0.284947 0.599277 -0.701003
0.284947 0.599277 -0.701003
0.290795 0.605852 -0.708643
0.297838 0.61337 -0.720597
0.297838 0.61337 -0.720597
0.305818 0.621166 -0.73239
0.312205 0.627547 -0.739056
0.312205 0.627547 -0.739056
0.319916 0.635526 -0.747798
0.327501 0.641073 -0.75814
0.327501 0.641073 -0.75814
0.336571 0.644507 -0.765713
0.341711 0.650178 -0.777917
0.341711 0.650178 -0.777917
0.347335 0.655872 -0.78581
0.352549 0.660437 -0.793639
0.352549 0.660437 -0.793639
0.359144 0.666772 -0.801954
0.364177 0.671485 -0.810691
0.371838 0.67508 -0.816953
0.371838 0.67508 -0.816953
0.381544 0.67911 -0.825456
0.388663 0.683862 -0.834477
0.394595 0.688819 -0.845048
0.394595 0.688819 -0.845048
0.401204 0.693166 -0.851025
0.411266 0.69841 -0.859613
0.411266 0.69841 -0.859613
0.418157 0.703826 -0.870791
0.424636 0.707421 -0.874879
0.430252 0.710304 -0.880912
0.430252 0.710304 -0.880912
0.4332 0.713671 -0.888911
0.438938 0.716051 -0.896008
0.443359 0.720666 -0.904482
0.443359 0.720666 -0.904482
0.450438 0.725499 -0.913474
0.458429 0.731426 -0.92584
0.466657 0.734367 -0.939344
0.478391 0.740053 -0.950749
0.478391 0.740053 -0.950749
0.497764 0.749897 -0.972766
0.497764 0.749897 -0.972766
0.511027 0.750982 -0.988381
0.517659 0.757243 -0.998135
0.524133 0.760567 -1.00972
0.524133 0.760567 -1.00972
0.532597 0.763655 -1.01899
0.540675 0.767185 -1.03098
0.540675 0.767185 -1.03098
0.546497 0.770819 -1.04095
0.556801 0.771927 -1.04779
0.56142 0.773354 -1.05341
0.56142 0.773354 -1.05341
0.563718 0.775926 -1.05994
0.567134 0.776517 -1.06393
0.56899 0.777806 -1.06785
0.56899 0.777806 -1.06785
0.572881 0.780305 -1.07304
0.575582 0.783539 -1.08044
0.575582 0.783539 -1.08044
0.580456 0.783762 -1.08402
0.585581 0.78436 -1.08811
0.586153 0.786468 -1.09316
0.586153 0.786468 -1.09316
0.588629 0.78835 -1.09833
0.588629 0.78835 -1.09833
0.597484 0.793299 -1.11239
0.597484 0.793299 -1.11239
0.602866 0.7946 -1.12208
0.610748 0.7956 -1.12883
0.614786 0.798753 -1.13599
0.614786 0.798753 -1.13599
0.620677 0.800108 -1.14434
0.627996 0.802375 -1.1532
0.627996 0.802375 -1.1532
0.634862 0.803982 -1.16231
0.640887 0.805229 -1.16966
0.640887 0.805229 -1.16966
0.648592 0.805958 -1.17563
0.651685 0.807928 -1.18303
0.656046 0.807766 -1.18563
0.653822 0.810473 -1.19214
0.653822 0.810473 -1.19214
0.660045 0.810602 -1.19552
0.662654 0.808776 -1.19668
0.661734 0.811786 -1.19977
0.661734 0.811786 -1.19977
0.667802 0.809711 -1.20085
0.664749 0.812142 -1.20483
0.664749 0.812142 -1.20483
0.665527 0.811691 -1.20566
0.666231 0.81185 -1.20563
0.668666 0.810758 -1.20481
0.665688 0.813081 -1.20687
0.665688 0.813081 -1.20687
0.668552 0.812166 -1.20713
0.668552 0.812166 -1.20713
0.67347 0.811096 -1.21003
0.677386 0.813586 -1.21833
0.677386 0.813586 -1.21833
0.682186 0.815062 -1.2239
0.686532 0.814429 -1.22865
0.686532 0.814429 -1.22865
0.687692 0.816087 -1.23224
0.693966 0.814967 -1.23495
0.693966 0.814967 -1.23495
0.697165 0.816229 -1.24113
0.703613 0.816997 -1.24539
0.703613 0.816997 -1.24539
0.711762 0.817446 -1.25108
0.713058 0.819061 -1.25535
0.714622 0.821517 -1.26214
0.719855 0.820918 -1.26594
0.719855 0.820918 -1.26594
0.727605 0.821518 -1.26871
0.728905 0.822863 -1.27315
0.738168 0.822326 -1.27622
0.738168 0.822326 -1.27622
0.746537 0.824135 -1.2871
0.746537 0.824135 -1.2871
0.751154 0.827994 -1.29421
0.751154 0.827994 -1.29421
0.761301 0.826177 -1.29684
0.768905 0.826373 -1.30074
0.772565 0.82687 -1.30409
0.777464 0.827893 -1.30672
0.777464 0.827893 -1.30672
0.784298 0.827257 -1.31108
0.785493 0.829844 -1.31442
0.785493 0.829844 -1.31442
0.789914 0.830533 -1.31777
0.793204 0.831391 -1.32163
0.799642 0.831108 -1.32475
0.806263 0.833359 -1.33021
0.806263 0.833359 -1.33021
0.812623 0.833614 -1.33518
0.820321 0.832938 -1.33796
0.826738 0.835551 -1.34596
0.838506 0.836269 -1.35273
0.838506 0.836269 -1.35273
0.844015 0.837143 -1.35985
0.854065 0.837279 -1.36363
0.861892 0.836503 -1.36787
0.861892 0.836503 -1.36787
0.873098 0.837038 -1.37262
0.884041 0.836756 -1.37573
0.883105 0.838952 -1.38304
0.893197 0.838902 -1.38615
0.901425 0.838 -1.39061
0.901425 0.838 -1.39061
0.913674 0.837722 -1.39396
0.923332 0.838883 -1.39747
0.936869 0.83779 -1.40039
0.936869 0.83779 -1.40039
0.947635 0.839388 -1.40505
0.956059 0.83863 -1.40922
0.964819 0.83861 -1.41182
0.964819 0.83861 -1.41182
0.964819 0.83861 -1.41182
0.981396 0.840553 -1.42177
0.986773 0.840422 -1.42374
0.994951 0.839631 -1.42549
1.00218 0.840773 -1.43021
1.00218 0.840773 -1.43021
1.01085 0.840835 -1.43174
1.01976 0.840591 -1.43448
1.02723 0.838958 -1.43583
1.03676 0.839272 -1.44189
1.03676 0.839272 -1.44189
1.04343 0.837634 -1.44451
1.0542 0.836902 -1.44528
1.06389 0.836978 -1.44567
1.06389 0.836978 -1.44567
1.0715 0.838248 -1.45516
1.08447 0.836451 -1.45409
1.09287 0.838202 -1.46122
1.10231 0.837074 -1.46568
1.10231 0.837074 -1.46568
1.11345 0.836042 -1.46458
1.12067 0.834306 -1.46518
1.12666 0.834204 -1.46479
1.13241 0.833645 -1.467
1.13241 0.833645 -1.467
1.13629 0.833969 -1.46828
1.14162 0.8336 -1.46963
1.14731 0.834194 -1.4699
1.15502 0.833142 -1.47049
1.15502 0.833142 -1.47049
1.16046 0.830536 -1.47053
1.16258 0.834527 -1.47817
1.17029 0.832804 -1.4765
1.18002 0.833123 -1.47687
1.18002 0.833123 -1.47687
1.18552 0.830471 -1.47243
1.19412 0.832936 -1.48151
1.20278 0.830191 -1.48232
1.20792 0.830514 -1.48522
1.20792 0.830514 -1.48522
1.2179 0.828764 -1.48764
1.22244 0.832117 -1.49151
1.22543 0.829953 -1.49129
1.23319 0.830712 -1.49234
1.23861 0.830257 -1.49439
1.23861 0.830257 -1.49439
1.25272 0.829755 -1.49543
1.26173 0.829783 -1.49789
1.27435 0.828631 -1.50057
1.27435 0.828631 -1.50057
1.28306 0.827871 -1.50312
1.29617 0.825743 -1.50618
1.30833 0.821335 -1.49806
1.31335 0.821865 -1.50366
1.3287 0.824711 -1.51363
1.3287 0.824711 -1.51363
1.34011 0.825293 -1.5182
1.34547 0.823768 -1.51986
1.35378 0.823298 -1.52266
1.35378 0.823298 -1.52266
1.36087 0.81888 -1.51964
1.3684 0.817782 -1.52033
1.37756 0.816572 -1.52147
1.38214 0.817765 -1.52345
1.38511 0.816775 -1.52514
1.39327 0.813166 -1.52418
1.39327 0.813166 -1.52418
1.40051 0.812157 -1.52329
1.40327 0.812454 -1.52766
1.40565 0.813652 -1.52785
1.41287 0.810949 -1.52731
1.41775 0.811048 -1.53117
1.41775 0.811048 -1.53117
1.42172 0.806799 -1.52893
1.42509 0.808967 -1.53309
1.4333 0.806261 -1.53342
1.44266 0.803693 -1.5349
1.45262 0.80108 -1.5358
1.45262 0.80108 -1.5358
1.46744 0.801704 -1.5413
1.47538 0.798708 -1.54134
1.48772 0.799079 -1.54817
1.50167 0.798055 -1.55121
1.50167 0.798055 -1.55121
1.51951 0.797818 -1.55893
1.51951 0.797818 -1.55893
1.52925 0.792877 -1.5575
1.53224 0.795019 -1.56593
1.53939 0.793067 -1.56719
1.54776 0.793088 -1.57153
1.5547 0.791923 -1.5752
1.56148 0.789273 -1.57863
1.57085 0.789582 -1.58414
1.58126 0.787086 -1.58648
1.58126 0.787086 -1.58648
1.5875 0.786366 -1.58875
1.59665 0.785359 -1.5909
1.60385 0.785227 -1.59416
1.6085 0.785939 -1.59818
1.61764 0.784606 -1.59945
1.62696 0.783055 -1.60093
1.62696 0.783055 -1.60093
1.63395 0.782065 -1.60403
1.64437 0.779125 -1.60505
1.65641 0.774809 -1.60515
1.67036 0.775777 -1.60746
1.67647 0.774242 -1.61208
1.69126 0.771096 -1.61272
1.70468 0.766208 -1.61015
1.70468 0.766208 -1.61015
1.71626 0.768702 -1.61452
1.72419 0.7652 -1.61226
1.73791 0.762451 -1.61037
1.74458 0.761334 -1.60771
1.75402 0.761495 -1.60873
1.75402 0.761495 -1.60873
1.76908 0.76022 -1.60722
1.76908 0.76022 -1.60722
1.78226 0.760345 -1.60549
1.7968 0.758659 -1.60233
1.80619 0.757112 -1.60079
1.81648 0.75531 -1.5975
1.8254 0.755771 -1.59786
1.83512 0.755535 -1.59756
1.83512 0.755535 -1.59756
1.83512 0.755535 -1.59756
1.83963 0.756423 -1.59795
1.86822 0.75557 -1.59731
1.87796 0.755532 -1.59641
1.87796 0.755532 -1.59641
1.8889 0.755549 -1.5962
1.9018 0.75681 -1.59709
1.91021 0.75311 -1.5932
1.91824 0.751656 -1.59308
1.92352 0.751514 -1.59362
1.93263 0.750174 -1.59265
1.93716 0.750613 -1.59408
1.94879 0.750465 -1.59528
1.9579 0.75037 -1.59691
1.96863 0.748531 -1.59691
1.96863 0.748531 -1.59691
1.98445 0.748612 -1.5989
1.99352 0.749245 -1.59859
2.00062 0.74742 -1.59652
2.00062 0.74742 -1.59652
2.00967 0.746568 -1.59681
2.00967 0.746568 -1.59681
2.03063 0.746708 -1.59557
2.03063 0.746708 -1.59557
2.05462 0.746217 -1.59537
2.05462 0.746217 -1.59537
2.06658 0.745648 -1.59433
2.07859 0.745891 -1.59508
2.08922 0.745728 -1.59614
2.09797 0.745694 -1.59722
2.10978 0.745531 -1.59936
2.12099 0.744355 -1.60066
2.13596 0.741656 -1.59907
2.14731 0.742265 -1.6025
2.15748 0.740208 -1.60257
2.16665 0.739772 -1.60346
2.17504 0.739441 -1.60452
2.18541 0.738558 -1.60607
2.19747 0.737487 -1.60484
2.20253 0.735798 -1.60594
2.21431 0.734944 -1.60509
2.22395 0.735026 -1.60636
2.23451 0.732197 -1.60651
2.24551 0.733607 -1.60748
2.25735 0.730781 -1.6077
2.26896 0.731674 -1.61033
2.27704 0.731315 -1.61279
2.28316 0.731155 -1.61729
2.29411 0.729774 -1.617
2.30842 0.731426 -1.61881
2.32196 0.729807 -1.62054
2.34457 0.728353 -1.61856
2.35629 0.730919 -1.62163
2.35629 0.730919 -1.62163
2.36499 0.726988 -1.61695
2.37464 0.728822 -1.61873
2.38284 0.728653 -1.61955
2.40167 0.728307 -1.61744
2.41374 0.728013 -1.61625
2.42368 0.727292 -1.6165
2.43403 0.725925 -1.61397
2.44617 0.725735 -1.61372
2.45539 0.723606 -1.61157
2.4659 0.724825 -1.61268
2.47892 0.724762 -1.61041
2.48728 0.723519 -1.60809
2.49879 0.72394 -1.60741
2.50848 0.721814 -1.60439
2.51771 0.723162 -1.60517
2.52844 0.723521 -1.60312
2.53718 0.720293 -1.59825
2.55488 0.722316 -1.60011
2.56106 0.723164 -1.59805
2.57325 0.725104 -1.59884
2.58018 0.723356 -1.59885
2.58647 0.726147 -1.60093
2.59414 0.726177 -1.59882
2.60353 0.72456 -1.59632
2.61542 0.728509 -1.59816
2.62261 0.731509 -1.59948
2.63309 0.727823 -1.59535
2.6406 0.724368 -1.5928
2.64542 0.725097 -1.59336
2.65084 0.721618 -1.5919
2.65647 0.721057 -1.59344
2.66622 0.722732 -1.59356
2.67513 0.721045 -1.59251
2.69854 0.724698 -1.59521
2.69854 0.724698 -1.59521
2.72392 0.721865 -1.59233
2.72392 0.721865 -1.59233
2.74431 0.723401 -1.59355
2.75436 0.723414 -1.59364
2.76893 0.7235 -1.59111
2.77502 0.722855 -1.59231
2.78443 0.723108 -1.59419
2.79572 0.723415 -1.59307
2.80463 0.723097 -1.59292
2.81479 0.724178 -1.59421
2.82361 0.722182 -1.59231
2.83749 0.723576 -1.59264
2.84378 0.721875 -1.5911
2.84874 0.723482 -1.59191
2.84843 0.72407 -1.59253
2.85397 0.718795 -1.58907
2.85916 0.720542 -1.59007
2.86527 0.721304 -1.59059
2.86932 0.719853 -1.58992
2.87696 0.719756 -1.58875
2.88135 0.720797 -1.59216
2.88838 0.720133 -1.59115
2.89897 0.719178 -1.59267
2.90488 0.718895 -1.59303
2.91096 0.720585 -1.59588
2.91899 0.719457 -1.59634
2.92805 0.719662 -1.59744
2.94431 0.717328 -1.59853
2.95207 0.716426 -1.6013
2.95918 0.716513 -1.6034
2.96626 0.716559 -1.60549
2.98226 0.713676 -1.61084
2.994 0.717433 -1.61847
3.00497 0.714824 -1.62042
3.01533 0.712985 -1.62489
3.04188 0.711074 -1.63225
3.05331 0.711789 -1.63937
3.06373 0.710157 -1.64038
3.07057 0.71143 -1.64619
3.0765 0.708904 -1.64908
3.09906 0.708654 -1.65556
3.10534 0.707612 -1.66175
3.11337 0.704064 -1.66519
3.12709 0.701266 -1.67249
3.1324 0.701324 -1.67563
3.14244 0.69833 -1.67895
3.15064 0.697163 -1.68088
3.15672 0.698408 -1.69105
3.16536 0.696429 -1.69257
3.17342 0.696439 -1.69772
3.19207 0.694361 -1.70624
3.19727 0.692838 -1.70686
3.20672 0.69234 -1.70745
3.22175 0.68976 -1.71258
3.22961 0.689453 -1.71662
3.23894 0.686452 -1.71636
3.24605 0.684631 -1.71892
3.25573 0.682774 -1.72075
3.27122 0.680198 -1.7248
3.27122 0.680198 -1.7248
3.28967 0.679094 -1.72478
3.296 0.676044 -1.72367
3.30906 0.675616 -1.7242
3.31567 0.674337 -1.72486
3.32132 0.672798 -1.72531
3.32974 0.671567 -1.72381
3.3434 0.668493 -1.72393
3.3532 0.666505 -1.72338
3.36561 0.663076 -1.72187
3.37136 0.664292 -1.72187
3.37791 0.660446 -1.72095
3.38534 0.660179 -1.71943
3.39599 0.657771 -1.71925
3.41545 0.656059 -1.722
3.4277 0.654068 -1.7223
3.43987 0.652584 -1.72188
3.45126 0.650166 -1.72171
3.46238 0.646818 -1.71985
3.48144 0.643179 -1.71828
3.4901 0.643038 -1.71814
3.49776 0.640547 -1.71677
3.50562 0.640045 -1.7171
3.51542 0.638041 -1.71724
3.52237 0.636422 -1.71807
3.53679 0.63323 -1.71714
3.54466 0.631864 -1.71643
3.54974 0.631953 -1.71699
3.56408 0.629601 -1.71594
3.57085 0.628362 -1.71492
3.57675 0.629762 -1.71569
3.58509 0.624887 -1.71541
3.58509 0.624887 -1.71541
3.59007 0.626103 -1.71657
3.59799 0.623168 -1.71505
3.61277 0.621044 -1.71729
3.62908 0.618164 -1.71674
3.64042 0.618406 -1.71631
3.65274 0.614053 -1.71697
3.65274 0.614053 -1.71697
3.67637 0.612146 -1.7206
3.69311 0.606321 -1.72282
3.70065 0.603543 -1.72475
3.70615 0.601436 -1.72617
3.71854 0.598801 -1.72818
3.72337 0.599932 -1.72912
3.72739 0.597972 -1.72881
3.73252 0.599642 -1.73019
3.73682 0.598392 -1.72959
3.74138 0.595876 -1.73116
3.75257 0.592474 -1.72993
3.75836 0.595669 -1.73169
3.76342 0.592197 -1.73248
3.76912 0.591578 -1.73318
3.77291 0.591445 -1.73427
3.78068 0.590281 -1.73595
3.78654 0.589136 -1.73842
3.79263 0.58813 -1.73589
3.797 0.586602 -1.73762
3.8029 0.581837 -1.74039
3.81261 0.583886 -1.74457
3.81857 0.581124 -1.74405
3.82406 0.581001 -1.74542
3.82953 0.580334 -1.74681
3.83354 0.57795 -1.74732
3.84406 0.575836 -1.75004
3.84951 0.572918 -1.74978
3.85237 0.572053 -1.75146
3.86073 0.574617 -1.75285
3.87089 0.568768 -1.7518
3.87673 0.566178 -1.75364
3.88152 0.568515 -1.75773
3.8871 0.567351 -1.75412
3.89229 0.569482 -1.76136
3.8967 0.565562 -1.76055
3.90569 0.563321 -1.76083
3.90935 0.563735 -1.76271
3.91308 0.561887 -1.76594
3.92029 0.556413 -1.77216
3.93084 0.558555 -1.77502
3.93373 0.55491 -1.77564
3.94132 0.55388 -1.77723
3.94689 0.55365 -1.77722
3.94689 0.55365 -1.77722
3.95347 0.550264 -1.77765
3.96582 0.547747 -1.77915
3.96994 0.545464 -1.77862
3.97532 0.545604 -1.77944
3.98489 0.541748 -1.778
3.99222 0.542779 -1.78042
3.99636 0.541359 -1.77965
4.00856 0.534746 -1.77963
4.01498 0.534166 -1.77937
4.0214 0.531048 -1.77747
4.02486 0.527717 -1.77454
4.03447 0.52619 -1.77441
4.03955 0.526623 -1.77522
4.04854 0.524344 -1.77488
4.05221 0.522056 -1.77633
4.06077 0.521609 -1.77694
4.07314 0.518019 -1.77729
4.0787 0.516413 -1.77689
4.08379 0.518298 -1.77794
4.09684 0.512412 -1.77855
4.1029 0.514889 -1.78024
4.10535 0.51143 -1.77839
4.10582 0.513712 -1.77805
4.10897 0.510987 -1.77844
4.11237 0.511195 -1.77844
4.12162 0.509692 -1.78088
4.13579 0.507683 -1.78025
4.14295 0.506122 -1.78093
4.14923 0.504838 -1.78131
4.15695 0.504117 -1.78385
4.16016 0.504522 -1.78237
4.176 0.499075 -1.78486
4.18187 0.499593 -1.78573
4.19508 0.496667 -1.78513
4.20102 0.493506 -1.78509
4.20945 0.493906 -1.78639
4.21342 0.495442 -1.78868
4.21939 0.4914 -1.7872
4.21939 0.4914 -1.7872
4.2266 0.48999 -1.78967
4.23465 0.489898 -1.79058
4.24107 0.490906 -1.79123
4.25146 0.486404 -1.79157
4.26356 0.487007 -1.79202
4.26836 0.485502 -1.79219
4.27365 0.483351 -1.79139
4.2864 0.480255 -1.79268
4.29349 0.477548 -1.79359
4.30829 0.476071 -1.79508
4.31243 0.476578 -1.79322
4.31643 0.47282 -1.79475
4.32252 0.472232 -1.7958
4.32642 0.470257 -1.79513
4.33013 0.470857 -1.79621
4.33534 0.4685 -1.79615
4.33597 0.470753 -1.79607
4.34307 0.468138 -1.79701
4.35027 0.466671 -1.79643
4.35569 0.46425 -1.79726
4.36672 0.461714 -1.79905
4.37286 0.459885 -1.80056
4.38468 0.457163 -1.79957
4.39481 0.454287 -1.80011
4.40048 0.453329 -1.80095
4.40717 0.454379 -1.80234
4.41816 0.451409 -1.80216
4.42718 0.450227 -1.80093
4.43596 0.451233 -1.80009
4.44107 0.452575 -1.79946
4.45209 0.448754 -1.80123
4.45793 0.448327 -1.80128
4.47096 0.446305 -1.80288
4.47586 0.4438 -1.80148
4.48877 0.441146 -1.80229
4.49283 0.442052 -1.80235
4.49869 0.439865 -1.8031
4.50749 0.435919 -1.80229
4.51503 0.434051 -1.8029
4.51942 0.427774 -1.80203
4.52651 0.429613 -1.8034
4.53902 0.42192 -1.80584
4.54575 0.420953 -1.80606
4.55923 0.416504 -1.80534
4.56397 0.414787 -1.80465
4.56738 0.415832 -1.8062
4.57333 0.414972 -1.8061
4.57778 0.413948 -1.80779
4.5844 0.412567 -1.80609
4.59006 0.413859 -1.80571
4.59911 0.407375 -1.80449
4.60635 0.405078 -1.80511
4.61198 0.404157 -1.80633
4.61619 0.406405 -1.80481
4.6268 0.403939 -1.80577
4.63178 0.406774 -1.80589
4.63891 0.40611 -1.80699
4.64287 0.406303 -1.80652
4.64842 0.404372 -1.80814
4.6536 0.401698 -1.805
4.66561 0.3964 -1.80528
4.67017 0.396426 -1.80428
4.67592 0.392439 -1.80561
4.68779 0.390559 -1.80493
4.69759 0.391353 -1.80806
4.7063 0.388777 -1.80866
4.72042 0.385224 -1.80867
4.72601 0.383533 -1.80806
4.73161 0.383203 -1.80873
4.74463 0.381293 -1.80951
4.74998 0.379687 -1.81014
4.75793 0.377499 -1.8105
4.76178 0.375939 -1.81006
4.765 0.375298 -1.80922
4.77311 0.373441 -1.80954
4.77969 0.372179 -1.81072
4.78897 0.370309 -1.80896
4.79558 0.367607 -1.81154
4.80945 0.366136 -1.81327
4.81776 0.364819 -1.81537
4.83084 0.361946 -1.81685
4.8359 0.361371 -1.81705
4.84105 0.361327 -1.81637
4.85299 0.356182 -1.81405
4.85856 0.359358 -1.82008
4.86233 0.3576 -1.81748
4.87143 0.356789 -1.81912
4.87726 0.354514 -1.8216
4.89068 0.351382 -1.82694
4.89371 0.346405 -1.8222
4.90726 0.346169 -1.8284
4.91456 0.343187 -1.8316
4.92408 0.341994 -1.83893
4.92816 0.339181 -1.84093
4.93107 0.338976 -1.84507
4.93609 0.335274 -1.8491
4.93914 0.332241 -1.84904
4.94892 0.329854 -1.85502
4.95281 0.329755 -1.85612
4.95784 0.32801 -1.86208
4.9634 0.327409 -1.87057
4.97587 0.322067 -1.87162
4.98344 0.318938 -1.87869
4.99622 0.312381 -1.88737
5.00233 0.309689 -1.89072
5.00711 0.309001 -1.89361
5.01622 0.304888 -1.89999
5.02235 0.306167 -1.90546
5.03166 0.301142 -1.91368
5.03749 0.298715 -1.91721
5.04002 0.297867 -1.91841
5.04917 0.294282 -1.9238
5.05468 0.289559 -1.92663
5.06358 0.287978 -1.9365
5.07952 0.279681 -1.95013
5.08645 0.275407 -1.95607
5.09555 0.269581 -1.96557
5.09628 0.270698 -1.96863
5.09788 0.270873 -1.9736
5.10278 0.269001 -1.98348
5.1058 0.265787 -1.99025
5.11222 0.263333 -1.9993
5.11547 0.261261 -2.00435
5.12051 0.259436 -2.01427
5.12623 0.257931 -2.02066
5.13085 0.25324 -2.02757
5.14262 0.245761 -2.04853
5.14839 0.24333 -2.05665
5.15055 0.241026 -2.06233
5.16136 0.232679 -2.08019
5.16697 0.228761 -2.09
5.17206 0.225234 -2.09732
5.1844 0.213497 -2.12254
5.18892 0.210598 -2.12736
5.19535 0.206798 -2.13963
5.20104 0.20311 -2.14805
5.2099 0.19691 -2.16299
5.21329 0.195179 -2.16745
5.21914 0.192668 -2.17481
5.22801 0.18741 -2.1903
5.23097 0.183991 -2.19351
5.23558 0.180006 -2.20356
5.24445 0.173536 -2.21548
5.24651 0.170024 -2.21951
5.24856 0.167545 -2.22399
5.25642 0.161628 -2.23533
5.25668 0.160558 -2.23547
5.2613 0.15687 -2.24425
5.2659 0.153192 -2.24999
5.26647 0.152713 -2.25207
5.27268 0.144741 -2.26396
5.2786 0.138181 -2.27434
5.28125 0.136455 -2.27724
5.28381 0.134982 -2.28057
5.28937 0.127688 -2.29204
5.2938 0.123487 -2.29915
5.29722 0.120272 -2.30518
5.30156 0.116076 -2.31146
5.30737 0.11047 -2.32214
5.30818 0.108921 -2.32409
5.30861 0.108024 -2.32501
5.31083 0.106778 -2.32774
5.31318 0.104546 -2.33162
5.31599 0.101006 -2.33536
5.32046 0.0976699 -2.3438
5.32474 0.0925789 -2.35177
5.32632 0.091157 -2.3539
5.33106 0.0857912 -2.36079
5.33739 0.0777294 -2.37319
5.34071 0.0733997 -2.38111
5.34472 0.0700732 -2.38699
5.34991 0.0624752 -2.39663
5.34991 0.0624752 -2.39663
5.35512 0.0548517 -2.406
5.35795 0.0508103 -2.41161
5.36573 0.0422164 -2.42327
5.36948 0.0386492 -2.43243
5.37238 0.0338394 -2.43657
5.37951 0.0279757 -2.45057
5.38289 0.0218148 -2.45522
5.38546 0.0185077 -2.45978
5.3886 0.0155506 -2.46383
5.39262 0.0111213 -2.47241
5.39454 0.00970104 -2.47698
5.39705 0.00562039 -2.48619
5.40422 -0.00457603 -2.50377
5.40972 -0.0133146 -2.51924
5.41303 -0.0198638 -2.52682
5.41676 -0.0271434 -2.53789
5.42243 -0.0341671 -2.55464
5.42563 -0.0400446 -2.56089
5.42617 -0.0416767 -2.56752
5.42812 -0.0441743 -2.5764
5.43066 -0.045991 -2.58666
5.43185 -0.050292 -2.58879
5.43307 -0.0504048 -2.5927
5.43522 -0.053832 -2.60014
5.43738 -0.0556212 -2.60947
5.43921 -0.0607874 -2.6191
5.44214 -0.066044 -2.62907
5.44733 -0.0762761 -2.64507
5.44826 -0.0798062 -2.65223
5.44826 -0.0798062 -2.65223
5.4521 -0.0848641 -2.66579
5.45305 -0.0894506 -2.67453
5.45627 -0.095051 -2.68543
5.45928 -0.099007 -2.69852
5.46134 -0.104663 -2.706
5.46342 -0.110071 -2.71509
5.46395 -0.112446 -2.71958
5.46736 -0.119121 -2.73281
5.46846 -0.121903 -2.73717
5.47 -0.124686 -2.74278
5.47076 -0.125692 -2.74473
5.4723 -0.128743 -2.74967
5.4723 -0.128743 -2.74967
5.47232 -0.130884 -2.75486
5.47394 -0.134911 -2.76173
5.47464 -0.138105 -2.76663
5.47576 -0.144289 -2.77354
5.47923 -0.152894 -2.78917
5.48029 -0.154526 -2.795
5.48167 -0.161451 -2.80592
5.48167 -0.161451 -2.80592
5.48332 -0.165754 -2.81135
5.48605 -0.173141 -2.82461
5.48816 -0.181914 -2.8355
5.48859 -0.182878 -2.83889
5.48996 -0.186848 -2.84475
5.49068 -0.190632 -2.85058
5.49272 -0.194731 -2.85812
5.49365 -0.198523 -2.86358
5.4947 -0.20316 -2.87018
5.49521 -0.207983 -2.87629
5.49699 -0.212725 -2.88604
5.49735 -0.219066 -2.89482
5.49861 -0.227063 -2.90477
5.50024 -0.237892 -2.91797
5.5005 -0.241725 -2.92472
5.50193 -0.248591 -2.93275
5.5024 -0.254447 -2.94059
5.50418 -0.258624 -2.94715
5.50418 -0.258624 -2.94715
5.50514 -0.261959 -2.95015
5.50522 -0.269939 -2.9609
5.50502 -0.274276 -2.96687
5.50684 -0.281295 -2.97375
5.50834 -0.285754 -2.97981
5.50512 -0.286035 -2.97975
5.50826 -0.290735 -2.98816
5.50826 -0.290735 -2.98816
5.51012 -0.298839 -2.99758
5.51012 -0.298839 -2.99758
5.50915 -0.29912 -3.00088
5.50984 -0.310496 -3.01247
5.50979 -0.314655 -3.0175
5.50924 -0.320055 -3.0249
5.50917 -0.325264 -3.03114
5.50832 -0.331153 -3.03616
5.50762 -0.33651 -3.03978
5.50869 -0.346003 -3.04614
5.5096 -0.354746 -3.05151
5.5096 -0.354746 -3.05151
5.50825 -0.358203 -3.05235
5.5087 -0.362717 -3.0564
5.50824 -0.364353 -3.05825
5.50807 -0.367428 -3.0588
5.50828 -0.373525 -3.06376
5.50799 -0.379281 -3.06732
5.50612 -0.382113 -3.06857
5.50889 -0.390759 -3.07511
5.50677 -0.395428 -3.07677
5.50613 -0.400009 -3.08073
5.50765 -0.40392 -3.08291
5.50592 -0.403449 -3.08273
5.50612 -0.406362 -3.08429
5.50811 -0.411225 -3.0867
5.50754 -0.411299 -3.0881
5.50849 -0.413437 -3.09018
5.50806 -0.41458 -3.09079
5.50711 -0.416597 -3.09046
5.507 -0.416904 -3.09077
5.5064 -0.417241 -3.0904
5.50579 -0.418441 -3.09078
5.50619 -0.424235 -3.09523
5.50476 -0.42658 -3.09535
5.50566 -0.429828 -3.09763
5.50513 -0.434752 -3.1007
5.50268 -0.43711 -3.10047
5.50258 -0.444013 -3.10464
5.50347 -0.443357 -3.10577
5.50394 -0.449987 -3.1097
5.50311 -0.454753 -3.11165
5.5015 -0.460266 -3.11362
5.50212 -0.468017 -3.11772
5.50125 -0.483012 -3.12593
5.49894 -0.488897 -3.1274
5.49974 -0.494566 -3.13175
5.49862 -0.498015 -3.13245
5.49832 -0.50392 -3.13515
5.498 -0.508005 -3.13692
5.49631 -0.510024 -3.137
5.49609 -0.514734 -3.14154
5.49624 -0.518759 3.13902
5.49557 -0.522746 3.13775
5.49707 -0.526219 3.135
5.49494 -0.532059 3.13307
5.49444 -0.536078 3.1313
5.49481 -0.539591 3.12904
5.49525 -0.543635 3.12678
5.49487 -0.5474 3.12447
5.49399 -0.55201 3.12168
5.49223 -0.557955 3.11958
5.49231 -0.561502 3.11636
5.4915 -0.564474 3.11527
5.49107 -0.569896 3.11348
5.4906 -0.574881 3.11153
5.48982 -0.580071 3.10913
5.4894 -0.582021 3.10817
5.49158 -0.586443 3.1039
5.49023 -0.586413 3.10478
5.49024 -0.587586 3.10397
5.48919 -0.587505 3.10506
5.49014 -0.587912 3.10373
5.49014 -0.588049 3.10351
5.49075 -0.589633 3.10248
5.49046 -0.587481 3.10336
5.49187 -0.588463 3.10195
5.48976 -0.588807 3.10325
5.49147 -0.588392 3.1026
5.49096 -0.587708 3.10262
5.4908 -0.588668 3.10266
5.4908 -0.588668 3.10266
5.49002 -0.590813 3.10096
5.49005 -0.593425 3.10039
5.48958 -0.597964 3.09774
5.48912 -0.601619 3.09634
5.48939 -0.610333 3.08961
5.48663 -0.614963 3.08943
5.48694 -0.621303 3.08525
5.48633 -0.624607 3.08337
5.48687 -0.629933 3.08176
5.48502 -0.633915 3.07954
5.48662 -0.641152 3.0742
5.4849 -0.64264 3.07414
5.48574 -0.646064 3.07117
5.48683 -0.647695 3.07037
5.48609 -0.6546 3.06548
5.48455 -0.656389 3.06452
5.48218 -0.658666 3.06428
5.48276 -0.66471 3.05965
5.48266 -0.668971 3.05532
5.48091 -0.674852 3.05328
5.48001 -0.677426 3.05176
5.47921 -0.688696 3.0436
5.47921 -0.688696 3.0436
5.47588 -0.697098 3.03643
5.4752 -0.704474 3.03275
5.47838 -0.711338 3.02417
5.47406 -0.720594 3.01418
5.47558 -0.730235 3.0057
5.47487 -0.738926 2.99809
5.47182 -0.750877 2.98623
5.47067 -0.756341 2.9819
5.46958 -0.770044 2.96916
5.46833 -0.774366 2.9651
5.46498 -0.77721 2.96269
5.46645 -0.783934 2.95604
5.46812 -0.799474 2.94195
5.46783 -0.807545 2.93743
5.46626 -0.810124 2.93712
5.46825 -0.816688 2.93087
5.4647 -0.825737 2.92403
5.46337 -0.828508 2.92101
5.46044 -0.83488 2.91477
5.45901 -0.850981 2.89961
5.45651 -0.860313 2.89147
5.45337 -0.868021 2.8839
5.45366 -0.875296 2.8769
5.4458 -0.880835 2.87267
5.44895 -0.889783 2.86522
5.4446 -0.891176 2.86298
5.4446 -0.895528 2.85884
5.4425 -0.904573 2.85045
5.44315 -0.913021 2.84281
5.44069 -0.916445 2.83925
5.43705 -0.922747 2.83404
5.43533 -0.928424 2.8288
5.43006 -0.94163 2.8193
5.42467 -0.955914 2.80958
5.42161 -0.962337 2.80784
5.41575 -0.973099 2.80578
5.41514 -0.981221 2.79938
5.41325 -0.98303 2.79977
5.41264 -0.993486 2.79284
5.40949 -0.995667 2.79335
5.40337 -1.00708 2.78673
5.39644 -1.01414 2.78532
5.39489 -1.0213 2.78043
5.39198 -1.02606 2.77819
5.38678 -1.03436 2.77463
5.38596 -1.03925 2.77304
5.38468 -1.04552 2.76863
5.38528 -1.04521 2.7685
5.38473 -1.04593 2.7677
5.38087 -1.04874 2.76632
5.37451 -1.06323 2.75774
5.3711 -1.06695 2.75652
5.37071 -1.07528 2.75137
5.37024 -1.08776 2.74351
5.37068 -1.09213 2.74092
5.3615 -1.09606 2.74089
5.36409 -1.10144 2.73553
5.36303 -1.10521 2.73414
5.35762 -1.10932 2.73217
5.35135 -1.1177 2.72807
5.34955 -1.12309 2.72522
5.3451 -1.1333 2.71911
5.34145 -1.14241 2.71321
5.33572 -1.14653 2.71308
5.31494 -1.19037 2.68531
5.30947 -1.19574 2.68442
5.30316 -1.20167 2.68262
5.30327 -1.20693 2.67922
5.3017 -1.21251 2.67627
5.29567 -1.21742 2.67267
5.29377 -1.22096 2.67167
5.29289 -1.22401 2.67055
5.28778 -1.23064 2.66411
5.28778 -1.23064 2.66411
5.28199 -1.24056 2.65763
5.27517 -1.24814 2.65215
5.27175 -1.25243 2.65021
5.26615 -1.26925 2.63833
5.26419 -1.27323 2.63657
5.26171 -1.28013 2.6339
5.26262 -1.28495 2.62751
5.26262 -1.28495 2.62751
5.26378 -1.28753 2.61826
5.25959 -1.28947 2.6156
5.25928 -1.29384 2.60886
5.25428 -1.29793 2.6034
5.25503 -1.30085 2.5997
5.25515 -1.30131 2.59931
5.25613 -1.30155 2.59904
5.25177 -1.30376 2.59634
5.24974 -1.30814 2.5907
5.24912 -1.31288 2.58455
5.24232 -1.32148 2.57423
5.23757 -1.32435 2.57077
5.2356 -1.32737 2.56746
5.23194 -1.33395 2.55924
5.23244 -1.33621 2.55594
5.22712 -1.339 2.552
5.22383 -1.34417 2.54461
5.22274 -1.34858 2.53966
5.21901 -1.35233 2.5347
5.21193 -1.36159 2.52504
5.20804 -1.36509 2.51968
5.20161 -1.37514 2.50716
5.20081 -1.37766 2.50328
5.19656 -1.38321 2.49634
5.19229 -1.38536 2.49311
5.1878 -1.39291 2.48326
5.1798 -1.4001 2.47416
5.16958 -1.41172 2.46053
5.16556 -1.41482 2.45658
5.15326 -1.42293 2.44455
5.15691 -1.42676 2.44037
5.14985 -1.43127 2.43566
5.14994 -1.43327 2.4323
5.14458 -1.43867 2.42393
5.14248 -1.44063 2.42315
5.13315 -1.44973 2.40939
5.13001 -1.45149 2.4056
5.13078 -1.45563 2.40102
5.12865 -1.45566 2.40162
5.12599 -1.46104 2.39756
5.12178 -1.46392 2.39532
5.1237 -1.46683 2.39406
5.11567 -1.4712 2.38895
5.11002 -1.48022 2.37441
5.10506 -1.48418 2.3687
5.09908 -1.48526 2.36518
5.0976 -1.49059 2.35716
5.09092 -1.49752 2.34816
5.08835 -1.50028 2.34317
5.0857 -1.50617 2.33734
5.08101 -1.51051 2.33012
5.07392 -1.51352 2.32394
5.06393 -1.52448 2.30665
5.06037 -1.53033 2.29748
5.05344 -1.53481 2.28953
5.044 -1.54279 2.27495
5.04034 -1.54515 2.26854
5.03441 -1.54918 2.26095
5.0261 -1.5558 2.24826
5.02334 -1.55736 2.24303
5.01986 -1.5587 2.23908
5.01508 -1.56377 2.2292
5.00947 -1.56796 2.22068
5.00305 -1.57361 2.21069
4.99851 -1.57918 2.20228
4.98495 -1.58189 2.18885
4.97917 -1.58584 2.18046
4.97569 -1.59093 2.17404
4.97046 -1.59549 2.16429
4.95929 -1.60109 2.15171
4.9578 -1.60544 2.14444
4.94997 -1.60841 2.13472
4.93477 -1.61709 2.11597
4.92637 -1.62193 2.10492
4.92376 -1.62308 2.09856
4.90865 -1.63084 2.07919
4.90149 -1.63111 2.07258
4.89396 -1.63547 2.06377
4.88271 -1.63905 2.05039
4.87688 -1.64303 2.04078
4.87456 -1.64487 2.03422
4.86075 -1.65044 2.01636
4.85612 -1.6526 2.00963
4.84918 -1.65362 2.00258
4.83722 -1.65789 1.98712
4.83722 -1.65789 1.98712
4.83166 -1.66085 1.9801
4.82387 -1.66333 1.97198
4.82084 -1.66395 1.96933
4.81467 -1.66702 1.9625
4.81161 -1.66653 1.95981
4.79158 -1.67344 1.94205
4.78302 -1.67698 1.93309
4.77356 -1.67931 1.92332
4.77016 -1.68147 1.91743
4.75907 -1.68438 1.90637
4.74684 -1.68936 1.89484
4.7406 -1.69383 1.88676
4.72805 -1.69696 1.87499
4.72137 -1.70021 1.86782
4.70658 -1.70536 1.85282
4.69914 -1.70938 1.84317
4.68903 -1.71375 1.83095
4.68098 -1.71582 1.8248
4.67476 -1.71854 1.81643
4.66429 -1.72289 1.80614
4.66017 -1.72209 1.80491
4.65118 -1.72586 1.79398
4.64334 -1.72733 1.78604
4.63518 -1.72979 1.7784
4.63227 -1.72971 1.7755
4.63122 -1.73083 1.77284
4.62552 -1.7315 1.76533
4.61339 -1.73514 1.7547
4.60482 -1.73617 1.74626
4.60072 -1.73609 1.74097
4.59538 -1.73767 1.73335
4.58624 -1.73927 1.7261
4.58506 -1.73852 1.72118
4.57518 -1.74037 1.71157
4.57315 -1.74216 1.70794
4.56467 -1.74354 1.69912
4.55667 -1.74296 1.69142
4.55346 -1.74412 1.6873
4.54864 -1.74635 1.68084
4.53911 -1.74954 1.66547
4.5334 -1.74975 1.65926
4.52286 -1.75027 1.64699
4.52321 -1.75117 1.64092
4.50615 -1.75222 1.62833
4.49493 -1.75204 1.61892
4.49191 -1.75426 1.61236
4.47907 -1.75055 1.607
4.47453 -1.75071 1.60502
4.46189 -1.75287 1.59831
4.44793 -1.75153 1.5882
4.43611 -1.75189 1.58254
4.42995 -1.75065 1.58169
4.41634 -1.75305 1.57458
4.40993 -1.75061 1.57141
4.40974 -1.75233 1.57259
4.39841 -1.74944 1.56821
4.39113 -1.75022 1.56106
4.38603 -1.75005 1.55979
4.38004 -1.74855 1.55705
4.37845 -1.75017 1.55501
4.37036 -1.74881 1.55178
4.35768 -1.74676 1.54982
4.34543 -1.74554 1.54538
4.34243 -1.74692 1.54239
4.32472 -1.74601 1.53646
4.31336 -1.74636 1.53008
4.30991 -1.74469 1.53238
4.30513 -1.74572 1.52928
4.29456 -1.74435 1.52872
4.28872 -1.74543 1.52706
4.2729 -1.74762 1.51713
4.26405 -1.74716 1.51641
4.2473 -1.74464 1.51382
4.23737 -1.74341 1.51244
4.23265 -1.74271 1.51035
4.2256 -1.74391 1.50679
4.21867 -1.74362 1.50588
4.20451 -1.74108 1.50388
4.19766 -1.74239 1.4994
4.18605 -1.74168 1.49887
4.18202 -1.74021 1.49447
4.17869 -1.74054 1.49157
4.17324 -1.73886 1.49162
4.16387 -1.7381 1.49974
4.15553 -1.73535 1.50448
4.14514 -1.7361 1.50314
4.14493 -1.73427 1.50588
4.13742 -1.73559 1.50663
4.13179 -1.73468 1.50731
4.13074 -1.73303 1.51087
4.12328 -1.73265 1.5154
4.11553 -1.73216 1.51632
4.10157 -1.73133 1.52056
4.09103 -1.73037 1.52635
4.07759 -1.72988 1.52309
4.07379 -1.72863 1.52462
4.0638 -1.7287 1.52276
4.06028 -1.72912 1.52288
4.05091 -1.72844 1.52208
4.03319 -1.72886 1.52023
4.02326 -1.72927 1.51907
4.02236 -1.72876 1.51824
4.02236 -1.72876 1.51824
4.00747 -1.72808 1.51576
4.00554 -1.72748 1.5172
4.00168 -1.72806 1.51484
4.00286 -1.72692 1.51739
3.9998 -1.72708 1.51746
3.99018 -1.72756 1.51723
3.98194 -1.72742 1.51777
3.97269 -1.72684 1.51586
3.96159 -1.72712 1.51402
3.95352 -1.72707 1.51453
3.95135 -1.72694 1.51438
3.94003 -1.72583 1.51919
3.92965 -1.72792 1.51875
3.92236 -1.72729 1.52204
3.90886 -1.72768 1.52298
3.90132 -1.72846 1.52254
3.89039 -1.72931 1.52567
3.8775 -1.72861 1.52667
3.86828 -1.72991 1.52845
3.86346 -1.72988 1.53087
3.86155 -1.73135 1.53016
3.85931 -1.73097 1.5289
3.85859 -1.72936 1.53095
3.85946 -1.72977 1.53022
3.86112 -1.73111 1.52947
3.85995 -1.72984 1.53122
3.84951 -1.73048 1.53096
3.84254 -1.731 1.53231
3.83092 -1.733 1.53425
3.8174 -1.73306 1.53382
3.81397 -1.73564 1.53334
3.81069 -1.73497 1.53451
3.8039 -1.73458 1.53484
3.79013 -1.73422 1.53566
3.7888 -1.73655 1.53205
3.7798 -1.73571 1.5346
3.77152 -1.73628 1.53071
3.76328 -1.73635 1.52489
3.76238 -1.73565 1.51923
3.74674 -1.73272 1.50933
3.73047 -1.7327 1.49903
3.72036 -1.73182 1.4931
3.70929 -1.72937 1.49183
3.70896 -1.73106 1.48866
3.70217 -1.72956 1.48691
3.69074 -1.73039 1.48045
3.68196 -1.7296 1.48032
3.67928 -1.72965 1.4774
3.67341 -1.72835 1.47858
3.66233 -1.7273 1.47569
3.65284 -1.72787 1.47415
3.64493 -1.72553 1.47364
3.64356 -1.72475 1.47478
3.63743 -1.72495 1.47467
3.63414 -1.72598 1.47339
3.63311 -1.7236 1.4779
3.62315 -1.72478 1.47899
3.61669 -1.72459 1.48016
3.61021 -1.72471 1.48201
3.60668 -1.72366 1.48431
3.59835 -1.72457 1.48767
3.59567 -1.72527 1.4904
3.58509 -1.72415 1.49357
3.58054 -1.72437 1.49453
3.56975 -1.7232 1.49818
3.56162 -1.72225 1.50189
3.55352 -1.72255 1.50313
3.54613 -1.72243 1.50603
3.53535 -1.72254 1.50821
3.5257 -1.72358 1.51063
3.51614 -1.72329 1.51247
3.50548 -1.72274 1.51488
3.50124 -1.72138 1.51421
3.49542 -1.72168 1.51571
3.48719 -1.72122 1.51838
3.47596 -1.72255 1.51766
3.46244 -1.72213 1.5172
3.45251 -1.7222 1.51608
3.43846 -1.71965 1.51721
3.43036 -1.71912 1.52039
3.42531 -1.71991 1.51903
3.42152 -1.71664 1.52482
3.41263 -1.71606 1.52309
3.40983 -1.71668 1.52506
3.4043 -1.71822 1.52435
3.39834 -1.71967 1.52323
3.39566 -1.72101 1.52365
3.39135 -1.71731 1.52553
3.38158 -1.71909 1.524
3.37265 -1.71793 1.52658
3.36398 -1.71884 1.52521
3.35258 -1.71626 1.52862
3.34768 -1.71729 1.52667
3.34652 -1.71819 1.52664
3.34449 -1.71569 1.5274
3.33895 -1.71652 1.52822
3.32949 -1.71532 1.53136
3.32583 -1.71537 1.53227
3.32111 -1.71258 1.53674
3.31697 -1.71324 1.53667
3.31436 -1.71396 1.5375
3.30523 -1.71478 1.53664
3.30444 -1.71299 1.53875
3.30307 -1.71356 1.53658
3.29834 -1.71399 1.5376
3.29453 -1.71329 1.53986
3.28679 -1.71296 1.54286
3.28397 -1.71469 1.54009
3.27425 -1.71593 1.53987
3.26885 -1.7186 1.53751
3.26261 -1.71669 1.53435
3.25314 -1.71758 1.53315
3.24251 -1.71861 1.53058
3.23624 -1.72039 1.52747
3.21855 -1.71664 1.52805
3.20737 -1.71848 1.52667
3.19692 -1.71766 1.52872
3.19541 -1.71709 1.52867
3.19475 -1.71875 1.52832
3.19461 -1.71698 1.53045
3.18671 -1.71773 1.52968
3.18376 -1.71675 1.5302
3.17383 -1.71712 1.52775
3.16939 -1.71503 1.5258
3.16009 -1.7156 1.52314
3.15278 -1.71339 1.52377
3.1427 -1.71343 1.52233
3.13605 -1.71437 1.51929
3.13143 -1.71301 1.52002
3.12234 -1.71534 1.51533
3.11761 -1.71446 1.51509
3.11131 -1.71224 1.51573
3.09851 -1.71431 1.5129
3.09013 -1.71415 1.51216
3.08342 -1.7133 1.51366
3.07684 -1.714 1.51299
3.06905 -1.70973 1.5179
3.05657 -1.71165 1.51756
3.04823 -1.71467 1.51724
3.03988 -1.71457 1.51783
3.03132 -1.71393 1.52068
3.02325 -1.71415 1.52169
3.01447 -1.71646 1.52092
3.00806 -1.71551 1.52237
2.9979 -1.72077 1.51742
2.99095 -1.71638 1.52098
2.98401 -1.71667 1.52193
2.97593 -1.71591 1.52297
2.96608 -1.71591 1.52533
2.96372 -1.71662 1.52397
2.95803 -1.71486 1.52482
2.95297 -1.71514 1.52512
2.95159 -1.71536 1.52618
2.94302 -1.71523 1.52561
2.93824 -1.71618 1.52576
2.93511 -1.71503 1.52837
2.93089 -1.71634 1.52711
2.92445 -1.71691 1.52695
2.91879 -1.71702 1.52719
2.91562 -1.71682 1.52899
2.91513 -1.71854 1.52814
2.91043 -1.71752 1.52907
2.9057 -1.71731 1.52859
2.90035 -1.71499 1.53158
2.89318 -1.71563 1.53152
2.88677 -1.71613 1.53311
2.88251 -1.71496 1.53301
2.87704 -1.71337 1.53434
2.8728 -1.71575 1.53264
2.86746 -1.71667 1.53285
2.86204 -1.71482 1.5332
2.85326 -1.71312 1.53542
2.85023 -1.71581 1.53456
2.84444 -1.7148 1.53507
2.8443 -1.71387 1.5356
2.83928 -1.71429 1.53544
2.83231 -1.71474 1.53585
2.82853 -1.71627 1.53588
2.82466 -1.71533 1.53605
2.82295 -1.71557 1.53561
2.81975 -1.71504 1.53702
2.81712 -1.71628 1.5361
2.81359 -1.71577 1.53678
2.80004 -1.71563 1.53788
2.79284 -1.71547 1.53613
2.78471 -1.71783 1.53512
2.77675 -1.71521 1.53792
2.77388 -1.71447 1.53811
2.7696 -1.71522 1.53796
2.76365 -1.71357 1.54074
2.75547 -1.7156 1.53925
2.75246 -1.71411 1.54196
2.74972 -1.71557 1.53846
2.74002 -1.71446 1.54221
2.73556 -1.71618 1.53709
2.73175 -1.71795 1.53782
2.72751 -1.71541 1.54007
2.72458 -1.71754 1.53818
2.71658 -1.7166 1.53931
2.71263 -1.718 1.53905
2.70737 -1.71759 1.54057
2.70138 -1.72032 1.5381
2.69741 -1.71743 1.54117
2.68823 -1.71835 1.54128
2.68468 -1.71744 1.54195
2.67837 -1.71774 1.54318
2.67256 -1.71822 1.54256
2.66605 -1.71902 1.54212
2.65892 -1.71857 1.54263
2.65136 -1.71754 1.54383
2.64736 -1.71965 1.54244
2.64191 -1.71966 1.54233
2.6382 -1.71792 1.54496
2.63698 -1.71863 1.54584
2.63249 -1.71897 1.54385
2.63123 -1.71746 1.54683
2.62887 -1.71886 1.54658
2.6252 -1.7187 1.54575
2.62152 -1.72021 1.54557
2.61443 -1.71989 1.54459
2.60739 -1.72042 1.54708
2.60352 -1.71861 1.54912
2.5964 -1.71871 1.54907
2.59097 -1.71855 1.54899
2.58315 -1.71804 1.55013
2.57685 -1.71743 1.55056
2.57101 -1.71618 1.55255
2.5649 -1.71559 1.5532
2.56198 -1.71597 1.55263
2.55683 -1.71704 1.55143
2.5539 -1.71705 1.55202
2.54399 -1.71905 1.5512
2.53954 -1.71412 1.55531
2.53409 -1.71576 1.5532
2.52944 -1.71625 1.55279
2.52725 -1.71869 1.55026
2.52267 -1.71917 1.55207
2.5138 -1.71833 1.55396
2.51118 -1.72023 1.55242
2.50741 -1.72064 1.55256
2.50057 -1.7212 1.55213
2.4978 -1.72088 1.55317
2.49207 -1.7212 1.55252
2.48258 -1.72325 1.552
2.47752 -1.72374 1.55296
2.47294 -1.7241 1.55391
2.46122 -1.72423 1.55464
2.45442 -1.72508 1.55182
2.44793 -1.72657 1.55018
2.44458 -1.72419 1.5537
2.44445 -1.72656 1.55137
2.43575 -1.72474 1.55396
2.43294 -1.72685 1.54966
2.42628 -1.73135 1.54646
2.41977 -1.73044 1.54646
2.41365 -1.72986 1.54585
2.40234 -1.73021 1.54873
2.40106 -1.73309 1.54668
2.39325 -1.73158 1.54647
2.38783 -1.73101 1.54898
2.3769 -1.73213 1.54684
2.3727 -1.73189 1.54541
2.36586 -1.73146 1.54753
2.36062 -1.73087 1.54832
2.35267 -1.729 1.5485
2.34808 -1.73126 1.54757
2.3426 -1.73257 1.54666
2.33604 -1.73153 1.54633
2.33336 -1.7338 1.54443
2.3334 -1.73255 1.54577
2.32888 -1.73368 1.5431
2.32685 -1.73216 1.54481
2.32658 -1.73203 1.54496
2.32616 -1.73351 1.54349
2.32071 -1.7339 1.54371
2.31288 -1.73297 1.5436
2.30886 -1.73338 1.54324
2.3053 -1.73397 1.54256
2.30098 -1.73109 1.54604
2.29627 -1.73421 1.54184
2.28641 -1.73585 1.54035
2.2843 -1.73474 1.54019
2.27583 -1.73648 1.53931
2.26731 -1.73607 1.53946
2.26189 -1.73315 1.54167
2.25593 -1.73515 1.53896
2.24863 -1.73316 1.54008
2.23917 -1.73594 1.53746
2.2318 -1.73164 1.54064
2.22528 -1.73572 1.53744
2.21947 -1.73353 1.53913
2.21306 -1.73364 1.53811
2.20694 -1.73276 1.53889
2.19617 -1.73406 1.53779
2.19219 -1.73486 1.53625
2.18705 -1.73654 1.53394
2.18403 -1.73629 1.53265
2.1766 -1.73695 1.53183
2.16844 -1.73665 1.52888
2.16153 -1.73806 1.528
2.15008 -1.73497 1.52533
2.14307 -1.73459 1.52222
2.13565 -1.73438 1.52186
2.12497 -1.73558 1.51766
2.11899 -1.73505 1.51615
2.11219 -1.73598 1.51294
2.10325 -1.73413 1.51216
2.09222 -1.73381 1.51031
2.08464 -1.73519 1.50463
2.07394 -1.73587 1.49969
2.06223 -1.73679 1.49808
2.04912 -1.73515 1.49284
2.04144 -1.735 1.48981
2.0351 -1.73577 1.48779
2.03233 -1.73405 1.48755
2.0224 -1.73288 1.48576
2.0138 -1.7332 1.48053
1.99766 -1.73326 1.47432
1.99309 -1.73235 1.47315
1.98022 -1.73183 1.46774
1.97487 -1.73045 1.46712
1.96482 -1.73179 1.46283
1.95055 -1.73095 1.45743
1.94065 -1.73003 1.45574
1.93458 -1.72968 1.45133
1.93157 -1.7294 1.44956
1.92911 -1.72788 1.44946
1.9228 -1.729 1.44715
1.91112 -1.73004 1.43984
1.89752 -1.7271 1.43459
1.88923 -1.72783 1.43079
1.87998 -1.72726 1.42712
1.87095 -1.72693 1.42397
1.86423 -1.72788 1.42307
1.85114 -1.72586 1.41975
1.84377 -1.72667 1.41854
1.83251 -1.72632 1.41533
1.82451 -1.72525 1.41507
1.82041 -1.72504 1.41381
1.80941 -1.72657 1.41059
1.80412 -1.72509 1.41069
1.79859 -1.7267 1.40743
1.79114 -1.72525 1.40598
1.78593 -1.72513 1.40522
1.7786 -1.72507 1.40325
1.76745 -1.72482 1.40041
1.76204 -1.72372 1.39903
1.75557 -1.72402 1.39739
1.75447 -1.72309 1.39809
1.75012 -1.72291 1.39666
1.74285 -1.7234 1.39588
1.73699 -1.72295 1.39376
1.73252 -1.72268 1.39247
1.72627 -1.72204 1.39278
1.72074 -1.7232 1.39111
1.71136 -1.72201 1.39064
1.70926 -1.72231 1.38843
1.7053 -1.72091 1.38885
1.69966 -1.72074 1.38699
1.69474 -1.72223 1.38617
1.68996 -1.72207 1.38416
1.68005 -1.72137 1.38393
1.67299 -1.72159 1.38345
1.66863 -1.71877 1.38161
1.65701 -1.71968 1.38027
1.65171 -1.71813 1.37821
1.64691 -1.7195 1.37855
1.64147 -1.71887 1.37695
1.63525 -1.71817 1.37586
1.6308 -1.71744 1.37578
1.62427 -1.71726 1.37344
1.61742 -1.71759 1.37316
1.6127 -1.71906 1.37106
1.61263 -1.71794 1.37097
1.61019 -1.71905 1.37174
1.60658 -1.71914 1.36959
1.60066 -1.71839 1.37078
1.5976 -1.71782 1.36765
1.59224 -1.71719 1.36691
1.5854 -1.7194 1.36344
1.57825 -1.7173 1.36192
1.57325 -1.71853 1.35896
1.56463 -1.71844 1.35548
1.55802 -1.71646 1.3537
1.54957 -1.71684 1.3504
1.5451 -1.71524 1.34884
1.53661 -1.71601 1.34454
1.52884 -1.71667 1.34128
1.52063 -1.71584 1.33952
1.51425 -1.71518 1.33938
1.50608 -1.71299 1.33736
1.50081 -1.71291 1.33637
1.49607 -1.71211 1.3362
1.48601 -1.71007 1.33155
1.47382 -1.71012 1.32896
1.46647 -1.70963 1.33012
1.46108 -1.70903 1.32673
1.45389 -1.70865 1.32396
1.45057 -1.70948 1.32301
1.44337 -1.7093 1.32056
1.43793 -1.70841 1.31951
1.43386 -1.70761 1.31909
1.42494 -1.70808 1.31637
1.41724 -1.70637 1.31581
1.41019 -1.70932 1.31277
1.3999 -1.70589 1.31106
1.39504 -1.70524 1.31121
1.38343 -1.70602 1.30973
1.37583 -1.70259 1.30927
1.36927 -1.70407 1.30836
1.36066 -1.70195 1.30666
1.35743 -1.70047 1.30693
1.34596 -1.70154 1.30416
1.3341 -1.69848 1.30162
1.31773 -1.69734 1.2973
1.30796 -1.69862 1.29466
1.30179 -1.6981 1.29169
1.29509 -1.69793 1.28928
1.2884 -1.69609 1.28637
1.28343 -1.6956 1.28268
1.27773 -1.6938 1.28245
1.26456 -1.69387 1.27645
1.25688 -1.69222 1.27273
1.24788 -1.69231 1.26695
1.24142 -1.6912 1.26063
1.2326 -1.69074 1.25558
1.22838 -1.6878 1.2518
1.21981 -1.68598 1.24677
1.21139 -1.68361 1.2419
1.19951 -1.68319 1.23363
1.19846 -1.68201 1.23223
1.19459 -1.68248 1.22938
1.18431 -1.67908 1.22305
1.17843 -1.67852 1.2183
1.17693 -1.67881 1.21716
1.16895 -1.67633 1.21174
1.16293 -1.67446 1.20647
1.15292 -1.6738 1.19904
1.14692 -1.67186 1.19686
1.13521 -1.66931 1.18914
1.12673 -1.66708 1.18561
1.11899 -1.66583 1.18353
1.1126 -1.66596 1.18071
1.10554 -1.66309 1.17759
1.09538 -1.66087 1.17262
1.07749 -1.6591 1.16732
1.06609 -1.65455 1.16341
1.0597 -1.65357 1.15814
1.05197 -1.65251 1.1551
1.04961 -1.65127 1.15312
1.04659 -1.651 1.15045
1.04045 -1.64834 1.14669
1.03422 -1.64844 1.14278
1.02629 -1.64356 1.13892
1.02119 -1.64415 1.13563
1.01807 -1.64254 1.13357
1.01221 -1.64108 1.13077
1.00958 -1.64017 1.12918
1.00509 -1.63879 1.12674
0.995975 -1.63497 1.12188
0.991702 -1.63454 1.12037
0.985501 -1.63344 1.11677
0.978387 -1.63044 1.11288
0.976659 -1.62866 1.11196
0.976659 -1.62866 1.11196
0.964061 -1.62521 1.10236
0.95709 -1.62348 1.09692
0.949594 -1.62191 1.09181
0.943199 -1.61993 1.08648
0.938166 -1.61862 1.08212
0.935629 -1.61621 1.08054
0.933318 -1.61663 1.07803
0.92844 -1.61705 1.07642
0.922518 -1.61342 1.07196
0.918221 -1.61166 1.07049
0.911512 -1.61013 1.06537
0.907185 -1.60499 1.06145
0.902567 -1.60491 1.05737
0.894202 -1.60139 1.0518
0.887047 -1.60107 1.04798
0.883868 -1.59668 1.04647
0.878302 -1.5958 1.04256
0.870347 -1.59276 1.03552
0.866294 -1.59055 1.0321
0.857067 -1.58669 1.02386
0.850928 -1.5839 1.02016
0.845896 -1.58433 1.01551
0.840426 -1.58149 1.01194
0.833296 -1.57852 1.00682
0.825781 -1.57546 1.00126
0.815735 -1.57297 0.994817
0.81235 -1.57197 0.990058
0.806577 -1.5694 0.987087
0.802004 -1.56434 0.98319
0.797396 -1.56556 0.980571
0.797352 -1.56426 0.979718
0.793663 -1.56304 0.970677
0.790624 -1.56113 0.963732
0.785617 -1.55841 0.959285
0.776064 -1.55609 0.948967
0.777272 -1.55477 0.948067
0.77471 -1.55298 0.947069
0.76728 -1.5509 0.948252
0.760764 -1.54338 0.944652
0.752309 -1.53866 0.941247
0.745299 -1.53504 0.937594
0.73839 -1.53218 0.933114
0.732468 -1.52774 0.927078
0.7258 -1.52491 0.923366
0.718591 -1.51978 0.915389
0.711312 -1.51463 0.90628
0.70076 -1.50575 0.899606
0.687576 -1.49667 0.889304
0.682159 -1.49019 0.883
0.677001 -1.4843 0.87795
0.673166 -1.48353 0.873412
0.667821 -1.4802 0.868752
0.66246 -1.47656 0.862409
0.656191 -1.46962 0.855807
0.642893 -1.45989 0.844412
0.637705 -1.45699 0.839093
0.627027 -1.44833 0.827503
0.624299 -1.44338 0.823251
0.618264 -1.43831 0.818143
0.615303 -1.43358 0.814302
0.612997 -1.43232 0.811419
0.613502 -1.43057 0.811758
0.608885 -1.42884 0.807499
0.604285 -1.4245 0.802694
0.599601 -1.42016 0.797858
0.595461 -1.41613 0.791773
0.589917 -1.41148 0.788647
0.586675 -1.40819 0.784096
0.580454 -1.40287 0.779541
0.574658 -1.39719 0.7753
0.570061 -1.39386 0.772265
0.566661 -1.38905 0.76819
0.561839 -1.38342 0.763271
0.55581 -1.37862 0.758195
0.554824 -1.3751 0.757756
0.552727 -1.37249 0.75457
0.550119 -1.36895 0.751299
0.549575 -1.36945 0.750238
0.550782 -1.36995 0.750564
0.548848 -1.37103 0.749011
0.549945 -1.37001 0.74961
0.549354 -1.36948 0.749256
0.54591 -1.3661 0.744687
0.537829 -1.36101 0.73678
0.537736 -1.35545 0.736363
0.536099 -1.35347 0.734203
0.532261 -1.35213 0.73062
0.533844 -1.35079 0.731768
0.532715 -1.34949 0.731365
0.527084 -1.34779 0.726677
0.526294 -1.34441 0.724403
0.519542 -1.33881 0.718605
0.515595 -1.33486 0.713906
0.516148 -1.33193 0.713857
0.50803 -1.32822 0.706844
0.503883 -1.3236 0.702841
0.497317 -1.31816 0.696901
0.493221 -1.31597 0.69213
0.490955 -1.31373 0.690092
0.490923 -1.30596 0.687289
0.489441 -1.30594 0.686025
0.481538 -1.30022 0.679433
0.478812 -1.2942 0.675704
0.473413 -1.28858 0.669555
0.474687 -1.28827 0.670216
0.471973 -1.28742 0.667981
0.470697 -1.2869 0.665854
0.468196 -1.28336 0.662072
0.461174 -1.28043 0.655552
0.458095 -1.27478 0.650848
0.45255 -1.2699 0.645686
0.449853 -1.26417 0.641909
0.441795 -1.25904 0.635923
0.433708 -1.2534 0.62828
0.433351 -1.24914 0.626513
0.424191 -1.24356 0.619766
0.42251 -1.24154 0.617273
0.417702 -1.2377 0.614254
0.41614 -1.23055 0.611319
0.41119 -1.22691 0.606633
0.404958 -1.22163 0.599965
0.407004 -1.21763 0.601461
0.398524 -1.21155 0.593107
0.396044 -1.20763 0.590659
0.397067 -1.20587 0.589909
0.390462 -1.1991 0.583507
0.384567 -1.18911 0.576095
0.38338 -1.18377 0.572915
0.376906 -1.1788 0.567423
0.377257 -1.17705 0.566353
0.370808 -1.17047 0.559192
0.366308 -1.16631 0.554287
0.364365 -1.15969 0.550262
0.36237 -1.15503 0.546688
0.359794 -1.14832 0.541434
0.356981 -1.14742 0.539809
0.3539 -1.14442 0.535393
0.350912 -1.13767 0.53201
0.350854 -1.13776 0.530973
0.35166 -1.13517 0.531414
0.350359 -1.13366 0.529129
0.349751 -1.12811 0.527049
0.341157 -1.12299 0.517704
0.340508 -1.11809 0.51586
0.336355 -1.11562 0.511273
0.333023 -1.10801 0.504865
0.331942 -1.10449 0.502235
0.328442 -1.10041 0.496247
0.322893 -1.09275 0.490518
0.316935 -1.0889 0.482716
0.309916 -1.08308 0.476477
0.3091 -1.0774 0.472404
0.305368 -1.07047 0.466485
0.300775 -1.06427 0.459229
0.296613 -1.05836 0.452551
0.294089 -1.05383 0.449741
0.293365 -1.0537 0.448399
0.287194 -1.04372 0.439799
0.28282 -1.03584 0.438445
0.275551 -1.02338 0.440366
0.270878 -1.01445 0.440166
0.271974 -1.01266 0.440732
0.262594 -1.00466 0.437086
0.261426 -0.99467 0.439549
0.256783 -0.991257 0.436875
0.258949 -0.989682 0.437653
0.260107 -0.9897 0.438548
0.261057 -0.990111 0.438892
0.255528 -0.988188 0.435396
0.259696 -0.990949 0.438778
0.259648 -0.989367 0.437626
0.25626 -0.986938 0.435243
0.254058 -0.986804 0.43335
0.249769 -0.97683 0.4273
0.247968 -0.977093 0.426117
0.241993 -0.970979 0.420826
0.237464 -0.962287 0.41593
0.240196 -0.961839 0.414474
0.233174 -0.953039 0.408992
0.225964 -0.94531 0.400466
0.222388 -0.939486 0.396775
0.21706 -0.933546 0.390532
0.215997 -0.931623 0.388719
0.213013 -0.928343 0.386124
0.205831 -0.916049 0.376342
0.205724 -0.914261 0.375896
0.20083 -0.906847 0.370041
0.197607 -0.899532 0.364975
0.196789 -0.896762 0.364253
0.19495 -0.892463 0.361219
0.195367 -0.891791 0.361356
0.189047 -0.882956 0.35489
0.183058 -0.871989 0.34624
0.181809 -0.864081 0.342663
0.177776 -0.857378 0.335384
0.173836 -0.851347 0.328381
0.167145 -0.840783 0.316746
0.163587 -0.832616 0.307221
0.163932 -0.827894 0.302433
0.16253 -0.81902 0.28949
0.156003 -0.810164 0.280084
0.15715 -0.806667 0.27778
0.154681 -0.802118 0.271409
0.153386 -0.797307 0.265764
0.150131 -0.794128 0.262851
0.149558 -0.789221 0.257793
0.149262 -0.788844 0.256695
0.146974 -0.785071 0.251769
0.141802 -0.776935 0.240421
0.141225 -0.766631 0.233552
0.137767 -0.757305 0.221369
0.13717 -0.750855 0.217083
0.131362 -0.744051 0.209658
0.13065 -0.735735 0.20597
0.127634 -0.727078 0.197131
0.127955 -0.723426 0.193233
0.127095 -0.717467 0.191115
0.123699 -0.710129 0.183336
0.122638 -0.703517 0.176801
0.118254 -0.697979 0.170696
0.118895 -0.690687 0.168929
0.114591 -0.683958 0.160076
0.11512 -0.680254 0.157586
0.11382 -0.676402 0.15376
0.105747 -0.66022 0.140671
0.106875 -0.655316 0.137418
0.0983523 -0.642647 0.123153
0.0964756 -0.634824 0.115702
0.0953604 -0.629203 0.110036
0.0924871 -0.624199 0.103344
0.0911529 -0.62106 0.0988328
0.0896628 -0.614038 0.0937766
0.0887405 -0.609134 0.0887606
0.0853323 -0.594393 0.075225
0.085875 -0.59619 0.0774669
0.0844469 -0.594722 0.0758734
0.0844947 -0.591871 0.0739729
0.0840831 -0.586233 0.0673395
0.0827224 -0.580819 0.0610664
0.0801692 -0.573674 0.0535296
0.0789398 -0.565233 0.0475503
0.0779201 -0.557088 0.0388633
0.0752026 -0.544996 0.0276822
0.0759192 -0.538808 0.00110553
0.0703308 -0.522955 -0.00214495
0.0706286 -0.511253 -0.00570612
0.0703039 -0.495107 -0.018997
0.0707016 -0.487039 -0.035707
0.0698714 -0.472331 -0.0520486
0.0735123 -0.471925 -0.0527438
0.0750429 -0.468596 -0.0634857
0.0755174 -0.459186 -0.0727788
0.0785137 -0.450371 -0.0874925
0.0754365 -0.448483 -0.0905795
0.0757407 -0.449917 -0.0903442
0.0737575 -0.447527 -0.0924665
0.0754734 -0.449478 -0.0917919
0.0754962 -0.444786 -0.104762
0.076057 -0.433465 -0.117598
0.0750645 -0.429503 -0.122214
0.0753008 -0.421099 -0.119666
0.0770886 -0.402373 -0.121699
0.0810435 -0.380276 -0.130896
0.0843649 -0.370454 -0.136489
0.0838166 -0.364868 -0.139554
0.0838048 -0.363835 -0.138729
0.0824389 -0.360071 -0.141796
0.0833282 -0.358399 -0.145278
0.0864703 -0.341804 -0.152086
0.0891521 -0.332429 -0.151534
0.0885221 -0.326381 -0.149541
0.0885448 -0.324913 -0.147185
0.0894704 -0.325202 -0.144727
0.0907759 -0.314003 -0.139026
0.0906283 -0.304772 -0.137972
0.0928631 -0.293961 -0.148531
0.0941838 -0.287916 -0.149088
0.0945768 -0.283023 -0.1502
0.0954187 -0.278487 -0.15145
0.0955835 -0.269048 -0.155527
0.0987697 -0.252977 -0.161399
0.100252 -0.247308 -0.162223
0.0996785 -0.246003 -0.161882
0.0991547 -0.246033 -0.160634
0.101344 -0.228197 -0.163023
0.102462 -0.218618 -0.157813
0.103325 -0.208651 -0.15886
0.105558 -0.204712 -0.154905
0.10673 -0.197995 -0.15313
0.104563 -0.190945 -0.149821
0.108601 -0.18143 -0.137924
0.107575 -0.170331 -0.136463
0.109612 -0.159756 -0.127214
0.110603 -0.158268 -0.125662
0.108472 -0.156404 -0.128313
0.109626 -0.155929 -0.126604
0.109557 -0.1479 -0.119678
0.109929 -0.135945 -0.114692
0.10926 -0.13009 -0.111119
0.109609 -0.127733 -0.107852
0.109318 -0.118507 -0.0921959
0.107554 -0.107634 -0.0837185
0.109123 -0.0960036 -0.0750537
0.110548 -0.0888213 -0.0711774
0.112008 -0.0870568 -0.0686791
0.11398 -0.0771114 -0.0598663
0.114334 -0.0687568 -0.0536615
0.114935 -0.0612981 -0.0452832
0.115631 -0.0583548 -0.0421067
0.115246 -0.0409591 -0.03473
0.114689 -0.0272214 -0.023823
0.115368 -0.0189079 -0.0201468
0.113884 -0.0185662 -0.0188085
0.114881 -0.0134965 -0.0166977
0.114294 -0.00166654 -0.0106239
0.113532 0.0107027 -0.0179331
0.11471 0.015438 -0.0178572
0.11381 0.028872 -0.0207643
0.113959 0.0374769 -0.0230273
0.115241 0.0507502 -0.0313109
0.115882 0.0593382 -0.0378797
0.119278 0.0763312 -0.0410104
0.119387 0.0769092 -0.0406125
0.120742 0.100517 -0.0476555
0.120592 0.104105 -0.0454442
0.121174 0.11524 -0.0453102
0.123502 0.125679 -0.0420802
0.124712 0.133041 -0.0404978
0.123725 0.140039 -0.0344198
0.125408 0.137997 -0.0308637
0.123752 0.138801 -0.0343821
0.123799 0.13937 -0.0339685
0.12375 0.138678 -0.0339735
0.124197 0.140082 -0.0337472
0.123471 0.139773 -0.0339123
0.123351 0.137751 -0.0321331
0.123556 0.140129 -0.0338232
0.123204 0.14008 -0.0341197
0.122968 0.140367 -0.0337996
0.121547 0.142153 -0.035317
0.123157 0.138687 -0.0319478
0.123607 0.140655 -0.032867
0.123563 0.140359 -0.0342877
0.121759 0.140637 -0.0345845
0.122081 0.140917 -0.0335172
0.121673 0.141475 -0.0356886
0.121338 0.142201 -0.0359168
0.122278 0.141021 -0.034561
0.122766 0.140072 -0.0341134
0.121635 0.142625 -0.035964
0.123952 0.141166 -0.033069
0.121264 0.1418 -0.0358966
0.122277 0.140956 -0.0348206
0.123278 0.140139 -0.0332894
0.123165 0.141652 -0.0340893
0.122248 0.140763 -0.0333536
0.122388 0.141521 -0.0349516
0.124705 0.140997 -0.0323708
0.125342 0.140179 -0.0325749
0.124511 0.14121 -0.0333523
0.124575 0.140589 -0.0330903
0.123059 0.138723 -0.0341473
0.123104 0.140739 -0.0340891
0.122834 0.141488 -0.0351379
0.122857 0.140806 -0.0344483
0.122302 0.141662 -0.0356941
