1  71  0  0  0  0
0.0522292   0.288793   -0.260725   -2.91986   -0.145318   0.403894
0   0.288793   -0.260725   1.51984   -0.00253627   0.00704927

2  138  0  0  0  0
0.00794158   0.298635   0.0554072   1.10889   -0.0620435   0.218964
-0.00210514   0.58742   -0.205318   3.10999   -0.00361913   0.0108709

3  205  0  0  0  0
0.00292309   0.31788   -0.030416   -0.00645034   0.271094   -0.340488
-0.00556072   0.905281   -0.235734   4.68067   0.00111235   0.00492828

4  270  0  0  0  0
-0.0050575   0.30065   -0.0687873   -0.486162   0.178744   -0.148273
-0.0070424   1.20593   -0.304521   6.24298   0.00423203   0.00234042

5  338  0  0  0  0
0.0120594   0.27616   -0.116777   -1.16136   -0.0858287   -0.19632
-0.00768873   1.48209   -0.421298   7.79351   0.00273403   -0.00108601

6  403  0  0  0  0
0.108726   0.28627   0.0842619   1.79893   -0.0540786   1.61617
-0.00737784   1.76836   -0.337036   9.3957   0.00179018   0.0271215

7  469  0  0  0  0
0.0416068   0.298083   0.147031   3.39629   0.186082   0.54582
-0.0154613   2.06633   -0.190005   11.0258   0.00503792   0.0366479

8  534  0  0  0  0
0.0637835   0.303381   -0.111118   -1.69905   0.366096   1.11716
-0.0265771   2.36951   -0.301123   12.5669   0.0114275   0.056146

9  600  0  0  0  0
0.128351   0.320455   -0.121356   -2.87981   0.387078   2.80915
-0.0445599   2.68946   -0.422479   14.0874   0.0181833   0.105175

10  662  0  0  0  0
0.015173   0.311512   -0.234863   -6.58501   -1.04019   0.2433
-0.0772627   2.99925   -0.657341   15.5433   2.8603e-005   0.109421

11  725  0  0  0  0
0.042719   0.293396   -0.052915   -0.957742   0.217412   1.4943
-0.109302   3.29089   -0.710256   17.0974   0.00382315   0.135502

12  787  0  0  0  0
-0.0769474   0.344473   -0.196916   -6.62112   -0.294764   -2.76931
-0.155837   3.6322   -0.907172   18.5526   -0.00132144   0.0871682

13  841  0  0  0  0
-0.0112139   -0.00795628   -0.0034836   -0.462004   -0.405084   14.7382
-0.155144   3.62428   -0.910656   20.1154   -0.00839149   0.344399

14  895  0  0  0  0
0.205781   0.0463875   0.00377966   -0.334201   -0.879842   23.5878
-0.170806   3.66794   -0.906876   21.6803   -0.0237476   0.756084

15  950  0  0  0  0
-0.0235677   -0.0103933   0.0300079   0.654025   -1.15887   14.753
-0.163675   3.66038   -0.876868   23.2625   -0.0439738   1.01357

16  1005  0  0  0  0
-0.00658374   0.00443382   0.00204525   0.0779027   -0.470682   14.8355
-0.167438   3.66273   -0.874823   24.8347   -0.0521887   1.2725

17  1061  0  0  0  0
-0.0147658   0.00833654   0.000215621   -0.0120085   -0.637366   15.1762
-0.175407   3.66518   -0.874607   26.4053   -0.0633129   1.53738

18  1117  0  0  0  0
-0.0305739   -0.000351689   -0.0115099   -0.310343   -0.441463   14.7644
-0.175055   3.66516   -0.886117   27.9707   -0.0710178   1.79506

19  1183  0  0  0  0
-0.00960283   0.290919   -0.0127811   0.189214   0.309449   0.0184947
-0.458688   3.60047   -0.898898   29.5448   -0.0656169   1.79539

20  1251  0  0  0  0
-0.0399646   0.18981   0.0292354   0.36333   -0.822374   -0.316924
-0.643731   3.55819   -0.869663   31.1219   -0.0799701   1.78986

21  1316  0  0  0  0
-0.0173004   0.297379   -0.0174421   -0.179918   -0.175878   -0.387567
-0.934003   3.49357   -0.887105   32.6896   -0.0830397   1.78309

22  1383  0  0  0  0
-0.00292369   0.290072   -0.00832635   0.259256   0.20327   0.0172227
-1.21756   3.43245   -0.895431   34.2649   -0.079492   1.78339

23  1450  0  0  0  0
-0.0112947   0.26766   0.0116507   -0.164148   -0.0734579   -0.241287
-1.4792   3.37597   -0.883781   35.8328   -0.0807741   1.77918

24  1513  0  0  0  0
-0.0266508   0.278019   0.0433963   0.371983   0.0888102   -0.217575
-1.7512   3.31846   -0.840384   37.4101   -0.079224   1.77538

25  1579  0  0  0  0
-0.00320402   0.314866   -0.0214143   -0.0635212   -0.223364   -0.172304
-2.0595   3.25449   -0.861799   38.9798   -0.0831225   1.77238

26  1644  0  0  0  0
-0.00376731   0.304326   -0.00898879   0.213479   0.26102   -0.211873
-2.35767   3.19356   -0.870788   40.5543   -0.0785668   1.76868

27  1710  0  0  0  0
0.00163404   0.282605   -0.00566792   -0.330115   0.0593011   -0.0130069
-2.63476   3.138   -0.876456   42.1193   -0.0775318   1.76845

28  1777  0  0  0  0
0.00255916   0.289266   -0.00989763   0.0430739   -0.115158   -0.187859
-2.91839   3.0812   -0.886353   43.6909   -0.0795417   1.76517

29  1842  0  0  0  0
0.017179   0.361638   -0.0151629   0.219316   -0.158641   0.125572
-3.27322   3.01134   -0.901516   45.2655   -0.0823105   1.76736

30  1909  0  0  0  0
0.0146659   0.32635   -0.0321659   -0.365318   0.399447   7.01734e-005
-3.59328   2.94761   -0.933682   46.8299   -0.0753388   1.76737

31  1977  0  0  0  0
-0.0128377   0.27546   -0.0286011   -0.226921   0.00645063   -0.256361
-3.86344   2.89381   -0.962283   48.3968   -0.0752263   1.76289

32  2042  0  0  0  0
0.0155541   0.290458   -0.0113625   -0.146361   0.00195442   0.00135861
-4.14855   2.83835   -0.973646   49.965   -0.0751921   1.76291

33  2110  0  0  0  0
0.00866721   0.281456   -0.0444456   0.341078   -0.123368   0.03442
-4.42483   2.78461   -1.01809   51.5418   -0.0773453   1.76352

34  2176  0  0  0  0
0.0118235   0.297889   -0.0155447   0.153597   0.151103   0.0376918
-4.71721   2.72756   -1.03364   53.1152   -0.0747081   1.76417

35  2241  0  0  0  0
-0.0100011   0.281399   -0.0114241   0.186725   -0.0260747   -0.210776
-4.99336   2.67348   -1.04506   54.6893   -0.0751632   1.76049

36  2308  0  0  0  0
-0.0137285   0.255647   -0.0182289   -0.0307905   -0.571152   -0.0344771
-5.24442   2.62528   -1.06329   56.2596   -0.0851317   1.75989

37  2379  0  0  0  0
-0.0311948   0.235883   -0.0469494   -0.512628   0.495338   -0.633671
-5.4761   2.58094   -1.11024   57.8214   -0.0764864   1.74883

38  2446  0  0  0  0
0.0158844   0.346674   -0.0243943   -0.361272   0.116786   -0.471364
-5.81729   2.51954   -1.13463   59.3859   -0.0744481   1.74061

39  2514  0  0  0  0
-0.0238997   0.243251   -0.0301643   0.0403806   0.442402   -0.45246
-6.05705   2.47843   -1.1648   60.9574   -0.0667267   1.73271

40  2581  0  0  0  0
0.00931705   0.315049   -0.0185626   0.449658   0.269373   -0.103076
-6.36797   2.42765   -1.18336   62.536   -0.0620253   1.73091

41  2648  0  0  0  0
0.00455641   0.310701   -0.0119408   -0.367804   0.129188   -0.378236
-6.6747   2.37811   -1.1953   64.1004   -0.0597705   1.72431

42  2715  0  0  0  0
0.00665827   0.290771   -0.0236211   0.0592749   -0.353875   -0.138
-6.96205   2.33365   -1.21892   65.6722   -0.0659468   1.7219

