1  71  0  0  0  0
0.132951   0.313024   -0.045889   -0.490962   0.21747   1.56347
0   0.313024   -0.045889   1.56223   0.00379556   0.0272877

2  139  0  0  0  0
-0.0493732   0.279567   -0.0900117   -0.636971   0.0892229   -0.711568
-0.00762777   0.592486   -0.135901   3.12191   0.0053528   0.0148685

3  207  0  0  0  0
0.0237294   0.30511   -0.0234235   -0.257371   0.0314693   0.187684
-0.0121641   0.897563   -0.159324   4.68821   0.00590204   0.0181442

4  270  0  0  0  0
0.0668593   0.278131   -0.0181219   0.450503   -0.211364   0.773157
-0.0172103   1.17565   -0.177446   6.26687   0.00221304   0.0316383

5  338  0  0  0  0
-0.147712   0.289789   0.104786   2.06038   -0.0894053   -2.5078
-0.0263772   1.46529   -0.07266   7.87363   0.000652625   -0.012131

6  406  0  0  0  0
-0.0392326   0.301386   -0.0794392   -0.906339   0.473805   -0.897271
-0.0227212   1.76666   -0.152099   9.4286   0.00892208   -0.0277914

7  477  0  0  0  0
0.0687646   0.364394   -0.20459   -3.7469   -0.549927   1.00261
-0.0125955   2.13091   -0.356689   10.934   -0.000675945   -0.0102925

8  544  0  0  0  0
0.167294   0.303583   -0.0653284   -0.395887   0.559688   3.19941
-0.00947089   2.43448   -0.422018   12.4979   0.00909245   0.0455478

9  610  0  0  0  0
-0.142892   0.310634   0.186989   4.61142   -0.680774   -3.3866
-0.0236147   2.74479   -0.235029   14.1492   -0.00278929   -0.0135595

10  676  0  0  0  0
  0  0  0  0  0  0
  0  0  0  0  0  0
11  741  0  0  0  0
0.113942   0.271711   -0.0617501   -1.22847   0.058139   3.56287
-0.0199305   3.01647   -0.296779   15.6985   -0.00177457   0.0486244

12  805  0  0  0  0
0.0135504   0.293561   -0.00356394   0.919359   -0.052056   0.597912
-0.0341991   3.30969   -0.300343   17.2854   -0.00268312   0.0590599

13  860  0  0  0  0
0.0820976   0.0115917   -0.0234912   -1.2649   -0.722523   18.4511
-0.0348833   3.32126   -0.323834   18.8341   -0.0152935   0.381092

14  916  0  0  0  0
-0.00983995   0.000518283   -0.04593   -2.06841   -0.66447   15.2898
-0.0350761   3.32174   -0.369764   20.3688   -0.0268907   0.647948

15  970  0  0  0  0
-0.0177975   -0.00447933   0.00458726   -0.149269   -0.720785   14.7736
-0.0323726   3.31817   -0.365177   21.937   -0.0394708   0.905797

16  1024  0  0  0  0
-0.0967122   -0.0476689   -0.0826324   -2.12583   -0.621968   12.3481
0.00513887   3.28875   -0.447809   23.4707   -0.0503262   1.12131

17  1080  0  0  0  0
-0.000391592   -0.0173558   0.00403075   -0.128976   -0.932233   14.9132
0.0207708   3.28121   -0.443778   25.0392   -0.0665967   1.3816

18  1136  0  0  0  0
-0.0106134   -0.0301328   -0.0482463   -0.483637   -0.437487   14.9905
0.0503659   3.27555   -0.492025   26.6016   -0.0742323   1.64323

19  1202  0  0  0  0
-0.00647168   0.321635   -0.0200911   0.349391   -0.0204021   -0.0718002
-0.270426   3.25227   -0.512116   28.1785   -0.0745884   1.64198

20  1270  0  0  0  0
0.00908358   0.249217   -0.0080177   -0.325687   -0.168119   -0.0347153
-0.519012   3.23454   -0.520133   29.7436   -0.0775226   1.64137

21  1337  0  0  0  0
-0.00958316   0.30998   -0.0158948   0.266451   -0.131172   -0.222608
-0.82822   3.21268   -0.536028   31.319   -0.079812   1.63749

22  1404  0  0  0  0
-0.000859232   0.301526   -0.024942   -0.385902   -0.563478   0.00378773
-1.12908   3.19259   -0.56097   32.8831   -0.0896465   1.63755

23  1471  0  0  0  0
0.00215301   0.299129   -0.0162924   0.0826072   0.174454   -0.296036
-1.42754   3.17263   -0.577263   34.4553   -0.0866018   1.63239

24  1537  0  0  0  0
-0.0436515   0.235436   0.0112362   0.190902   -0.476846   -0.400103
-1.66253   3.15814   -0.566027   36.0295   -0.0949243   1.6254

25  1604  0  0  0  0
-0.051245   0.253175   -0.0514693   0.00398434   0.502158   -0.414892
-1.91533   3.14432   -0.617496   37.6003   -0.08616   1.61816

26  1672  0  0  0  0
-0.00369446   0.304519   -0.0166161   -0.165512   -0.0365363   -0.299561
-2.2195   3.12991   -0.634112   39.1682   -0.0867977   1.61293

27  1738  0  0  0  0
-0.00907355   0.243591   0.0065657   0.0447954   0.196083   -0.302668
-2.46288   3.11964   -0.627546   40.7398   -0.0833754   1.60765

28  1804  0  0  0  0
0.00845356   0.270789   -0.000300016   0.468827   0.222865   0.0679109
-2.73348   3.10967   -0.627846   42.3188   -0.0794856   1.60884

29  1868  0  0  0  0
-0.000761957   0.293622   -0.00304241   0.265652   0.0433508   -0.222707
-3.02689   3.0985   -0.630889   43.8942   -0.078729   1.60495

30  1936  0  0  0  0
0.0120913   0.269506   -0.00285761   0.0585579   -0.13338   0.141563
-3.29624   3.0893   -0.633746   45.466   -0.081057   1.60742

31  2003  0  0  0  0
-0.0346797   0.247243   -0.00408688   -0.264504   0.0163639   -0.91995
-3.54332   3.08024   -0.637833   47.0322   -0.0807714   1.59136

32  2070  0  0  0  0
0.00390263   0.287522   -0.0143905   0.629977   0.251556   -0.133012
-3.83078   3.07433   -0.652224   48.614   -0.0763809   1.58904

33  2138  0  0  0  0
-0.000100749   0.282979   -0.0230586   0.468361   0.079483   -0.390355
-4.11371   3.06917   -0.675282   50.193   -0.0749936   1.58223

34  2204  0  0  0  0
-0.000440425   0.315009   -0.0198585   -0.00865822   -0.362542   -0.10259
-4.4287   3.06556   -0.695141   51.7636   -0.0813212   1.58044

35  2272  0  0  0  0
-0.0107055   0.297249   -0.0262584   -0.00668025   0.372233   -0.436655
-4.72594   3.0627   -0.721399   53.3343   -0.0748245   1.57282

36  2345  0  0  0  0
-0.00757069   0.285193   -0.0536954   -0.402137   0.303377   -0.369048
-5.01113   3.06212   -0.775095   54.8981   -0.0695296   1.56638

37  2413  0  0  0  0
-0.0128646   0.305689   0.0468869   0.559107   -0.326848   -0.397591
-5.31681   3.06347   -0.728208   56.4786   -0.0752341   1.55944

38  2480  0  0  0  0
-0.0138722   0.287127   -0.0203618   -0.443347   0.545883   -0.424015
-5.60392   3.06673   -0.74857   58.0417   -0.0657067   1.55204

39  2548  0  0  0  0
0.000464872   0.286407   0.00663528   1.02176   0.100811   -0.382403
-5.89028   3.07211   -0.741934   59.6303   -0.0639472   1.54536

40  2615  0  0  0  0
0.0122307   0.302036   -0.0107509   -0.401611   0.485872   0.084119
-6.19222   3.07979   -0.752685   61.1941   -0.0554671   1.54683

41  2682  0  0  0  0
0.00761918   0.263677   -0.00680425   0.197891   0.0667027   -0.325377
-6.45582   3.0861   -0.759489   62.7684   -0.054303   1.54115

42  2749  0  0  0  0
-0.00433399   0.293988   -0.00875551   -0.209267   -0.0465847   -0.332985
-6.74968   3.09482   -0.768245   64.3355   -0.055116   1.53534

