20
-0.375733 1.613 -0.205753 6045.61 -0.103607 -0.0934183 0.314782 0.400668 0.108451 -0.0981403 0.270098 0.412152 -0.123391 0.185483 0.322597 0.263026 0.101698 0.170194 0.346389 0.262827 
-0.31726 1.72005 -0.0290672 23738.4 -0.0950286 -0.135945 0.147948 0.571168 0.202934 -0.170777 0.204367 0.324509 -0.131859 0.112323 0.306018 0.260398 0.172497 0.128995 0.358696 0.201032 
-0.324605 1.72777 0.0663565 24440.4 -0.080564 -0.0694082 0.130582 0.57187 0.148824 -0.0535785 0.163723 0.402403 -0.152452 0.119999 0.325156 0.255329 0.253714 0.142454 0.319817 0.187921 
-0.302615 1.71817 -0.144904 25869.4 -0.112511 -0.147066 0.199894 0.467393 0.105271 -0.176896 0.26265 0.391919 -0.155614 0.115227 0.35395 0.191063 0.1782 0.163715 0.350042 0.2489 
0.338781 2.60044 -0.476307 19501.2 -0.00982058 -0.322979 0.0711106 0.42473 0.0266773 -0.201993 0.160883 0.365589 0.00952925 0.227425 0.283312 0.241511 0.0500318 0.0344972 0.540351 0.151632 
-0.213884 1.8449 -0.427869 17818.4 -0.302138 -0.117955 0.316724 0.190578 0.032215 -0.130829 0.477959 0.207138 -0.293133 0.129477 0.29691 0.167004 0.205277 0.185865 0.336066 0.240238 
0.14538 2.57421 0.333028 12878.4 -0.233284 -0.0551808 0.311142 0.0956496 0.182207 -0.174453 0.519074 0.200249 -0.150196 -0.122027 0.219549 0.284234 0.066926 -0.098404 0.210286 0.488441 
-0.157954 1.9861 -0.186009 11814.4 -0.239472 -0.0450419 0.299003 0.280273 -0.0639988 -0.0901693 0.393271 0.293797 -0.273779 -0.00279176 0.311013 0.294432 0.0356341 0.0936947 0.383634 0.322174 
0.536434 2.57247 0.0134727 30475 -0.12381 -0.045185 0.461579 0.106188 0.0941574 -0.0338262 0.333445 0.292868 -0.045926 0.0291731 0.23828 0.376384 0.108014 0.130777 0.11669 0.554181 
0.476933 2.47905 0.145151 25893.2 -0.0536321 -0.255484 0.0685361 0.489594 0.0557569 -0.0587664 0.255313 0.265396 -0.163614 0.10112 0.306625 0.325912 0.241499 0.0207889 0.497182 0.0331243 
0.479312 2.57495 -0.11978 14029.1 -0.111629 -0.114493 0.301275 0.177005 0.0102338 -0.392344 0.0390204 0.520821 -0.298193 0.0132444 0.341255 0.0488817 0.0448138 0.158757 0.40335 0.16249 
0.699073 2.66427 -0.393801 5741.21 -0.322578 -0.00952619 0.348861 0.0983104 0.256531 -0.026062 0.505315 0.113245 -0.122852 -0.0122284 0.27671 0.41139 0.149136 -0.0518393 0.177327 0.335217 
-0.388745 2.54384 0.329641 2579.86 -0.0145586 -0.14327 0.122393 0.201275 0.0642177 -0.20233 0.231422 0.318872 -0.00846128 0.112453 0.0314604 0.600716 0.0117557 0.151263 0.0151264 0.570572 
0.542413 2.62742 -0.396965 5480.38 -0.0788057 -0.0890796 0.390052 0.110753 0.190445 -0.183909 0.65079 0.226871 -0.03798 -0.0567426 0.190972 0.314815 0.00224068 -0.0440795 0.0716347 0.359163 
0.342189 2.38731 0.679971 10792.6 0.0114163 -0.315058 0.293341 0.325098 0.105273 -0.487092 0.110854 0.493657 -0.14013 -0.0200324 0.427392 0.0337877 0.00282988 -0.0133813 0.00427043 0.0133813 
-0.28344 1.82767 -0.112273 3883.75 -0.0245352 -0.236429 0.2207 0.368835 -0.0347433 -0.284728 0.165204 0.330457 0.036807 0.199824 0.384409 0.28727 0.0385164 0.294773 0.147565 0.391265 
0.398966 2.55851 0.193326 12696.1 0.0949742 -0.388307 0.128393 0.439108 -0.00200436 -0.0622912 0.247318 0.288837 -0.0251351 0.335396 0.0332042 0.336842 0.0523858 0.0742315 0.38148 0.317712 
0.598631 1.49154 -0.337559 11141.4 -0.148845 -0.309709 0.252776 0.376538 0.262959 -0.140222 0.275742 0.154697 -0.163967 0.310787 0.211255 0.355977 0.252883 0.133838 0.279327 0.148876 
-0.0565553 2.07969 -0.385747 11078.2 -0.153681 -0.0430584 0.237003 0.320478 0.000792605 -0.0634253 0.296927 0.379047 -0.316022 0.0207757 0.490354 0.174082 0.255136 0.0556579 0.339154 0.151924 
0.741372 2.56482 0.0196141 4398.24 -0.118862 -0.123433 0.136856 0.129534 -0.114582 -0.176463 0.141694 0.188348 0.0323012 0.274941 0.228776 0.410823 -0.221578 0.389832 0.260921 0.517418 
0.640427 1.48608 0.156497 2212.66 -0.0433691 -0.308752 0.0989781 0.308753 0.104608 -0.389309 0.112693 0.389309 -0.0596384 0.263359 0.131753 0.326634 0.116514 0.331047 0.151153 0.353928 
0.896585 2.39737 0.560576 2891.5 0.122055 -0.0539069 0.150537 0.116436 0.440074 -0.18237 0.440089 0.184663 0.0242006 -0.0364815 0.0588352 0.081863 0.409936 -0.148816 0.464204 0.26808 
0.660395 1.4433 -0.25953 2106.02 -0.087597 -0.128997 0.104223 0.238002 0.033347 -0.267244 0.067756 0.417485 -0.131725 0.249103 0.140738 0.384268 0.0563752 0.398587 0.134955 0.476129 
-0.0457228 2.09218 -0.0666423 5342.25 -0.0453509 -0.269439 0.182164 0.276766 -0.172564 -0.138807 0.488276 0.16283 -0.0955956 0.135519 0.276446 0.360372 -0.0266622 0.0419586 0.439218 0.268969 
-0.85658 0.420737 -0.0547464 8402.83 -0.09508 0.0617572 0.202552 0.204408 0.407351 0.0362761 0.491201 0.107818 -0.0706743 0.293971 0.156128 0.386038 0.212309 0.137807 0.233361 0.308223 
0.11707 2.60108 -0.440503 7087.22 -0.0761349 -0.221743 0.0886955 0.460368 0.060578 -0.284815 0.175005 0.359408 0.010987 0.320224 0.158265 0.376495 -0.0926266 0.274954 0.143942 0.325985 
0.685839 1.43101 0.0443375 5872.42 -0.210782 -0.163506 0.233069 0.24932 0.114888 -0.209377 0.244485 0.542207 -0.163251 0.206738 0.182123 0.250738 0.0603411 0.207209 0.263357 0.343416 
-0.0663951 2.39457 -0.601075 8047.14 -0.274042 -0.1147 0.278246 0.127178 -0.173372 -0.304914 0.224508 0.408997 -0.341843 0.0591053 0.34615 0.122869 -0.116506 0.275072 0.203177 0.300538 
0.0768187 2.73714 -0.363325 3557.84 -0.0705963 -0.0421372 0.352553 0.156747 0.277332 -0.0709182 0.39063 0.110887 -0.0892352 -0.0875364 0.230246 0.487676 0.141134 -0.190257 0.340894 0.344564 
0.890112 1.71512 0.373583 6894.98 -0.379604 -0.0474193 0.387522 0.0510944 0.0246887 -0.0664385 0.145297 0.136805 -0.0491823 0.183335 0.062095 0.555874 0.00864761 0.389674 0.0112567 0.392512 
0.598032 1.78574 0.0129719 2071.81 -0.112786 -0.0623762 0.167107 0.0783296 0.393593 0.0164441 0.460562 0.0437358 -0.127333 0.0249185 0.165147 0.344383 0.402653 -0.00608867 0.496881 0.0722072 
0.177697 2.59312 -0.077504 4307.55 -0.0726496 0.0271695 0.0728063 0.0308089 0.388311 0.0463829 0.449802 0.0540514 -0.037594 0.298046 0.196612 0.44688 0.228739 0.0217122 0.287447 0.405413 
0.518339 1.60717 0.210808 2016.69 -0.0691468 -0.046365 0.0710333 0.136028 0.474811 -0.00729291 0.494349 0.00929142 -0.070028 0.00189431 0.0735206 0.143511 0.475535 -0.0034342 0.491639 0.00985483 
0.212751 2.56661 -0.318878 5561.82 -0.201296 -0.167154 0.208783 0.253352 0.0734244 -0.140479 0.181266 0.402264 -0.0742991 0.0532831 0.384788 0.214056 -0.0137195 0.035751 0.589739 0.228935 
0.303013 2.54854 -0.297693 11026.4 -0.192576 -0.241019 0.272692 0.327654 0.26237 -0.246636 0.326091 0.270592 -0.0722812 0.136952 0.39694 0.212682 0.0635242 0.116929 0.350646 0.213914 
0.745469 1.38918 0.124799 8207.27 -0.1363 -0.207282 0.242467 0.307991 0.0287293 -0.428995 0.0531899 0.482706 -0.32748 0.0913432 0.368764 0.154368 -0.0204202 0.137581 0.094094 0.220162 
0.781132 1.39135 0.0185339 5735.97 -0.0509644 -0.0220642 0.24844 0.493703 0.0535781 -0.107481 0.236631 0.409228 -0.134062 0.0691741 0.247393 0.327789 0.0939989 0.124465 0.267782 0.405122 
0.851804 1.90989 0.416232 10235.5 -0.067588 -0.217002 0.0777223 0.219571 0.206287 -0.0846225 0.329336 0.107276 -0.0001128 0.447175 0.0389197 0.471646 0.0847008 0.279121 0.0904659 0.452729 
0.429948 2.58147 -0.320049 9814.21 -0.164327 -0.258112 0.287587 0.282611 0.144297 -0.202374 0.307839 0.221191 -0.0780511 0.154985 0.327856 0.272695 0.0977667 0.107304 0.535946 0.134311 
0.840448 1.30557 0.149377 10990.2 -0.0994833 -0.269731 0.10721 0.27474 0.0980154 -0.277103 0.152402 0.292856 -0.101037 -0.0221314 0.231911 0.494474 0.107004 0.0182269 0.184499 0.52612 
0.665362 2.57921 0.117682 26189.3 -0.0713612 -0.24229 0.0845515 0.471963 0.0500536 -0.0642625 0.240952 0.271664 -0.19322 0.0950319 0.358782 0.327885 0.227736 0.0209857 0.481202 0.0367288 
0.810315 1.30522 0.00722088 10761.1 0.0282744 -0.181596 0.233784 0.331631 0.0902628 -0.0704416 0.306831 0.331004 0.00213634 0.259238 0.259155 0.403074 0.223167 0.210077 0.264593 0.350369 
0.874642 1.26583 0.0416933 5479.17 -0.0294501 -0.0385451 0.196855 0.463455 0.0231791 0.151808 0.227403 0.579573 -0.0761058 0.111338 0.238554 0.333865 0.108667 0.0402684 0.267308 0.241952 
0.831467 2.62623 0.0287894 2868.94 0.00327412 0.034012 0.605536 0.0673101 -0.141329 -0.110577 0.145134 0.111175 -0.134615 -0.157415 0.364333 0.368648 -0.105825 0.0332129 0.208198 0.441369 
1.03269 2.4075 0.478982 3781.74 0.0261337 -0.00838853 0.0451588 0.0395194 0.159694 -0.104912 0.195382 0.215117 0.0314891 0.495287 0.0500673 0.495287 0.0807121 0.427783 0.0833104 0.428666 
0.55015 2.43198 -0.0272153 2497.32 -0.38474 0.0146633 0.442683 0.0270174 0.112818 0.0814039 0.179655 0.128284 -0.232482 -0.219089 0.258847 0.457609 0.084354 -0.136571 0.15677 0.392917 
0.929745 1.2137 0.0757072 17637.3 -0.0081238 -0.115684 0.0212216 0.474067 0.317951 -0.0534753 0.318558 0.207127 -0.00721387 0.350981 0.0293583 0.482944 0.176226 0.131551 0.194595 0.262539 
0.797829 1.35592 0.0820958 3314.79 -0.0568968 -0.0756108 0.0920714 0.247384 0.0962838 -0.0889332 0.172206 0.306399 0.0200466 0.322981 0.0825731 0.571944 0.0209885 0.254737 0.134518 0.504889 
0.949409 1.19511 0.00333369 3168.63 -0.0162389 -0.0404957 0.293415 0.486824 0.158296 0.0618509 0.223669 0.534284 -0.0702208 0.143258 0.266709 0.232376 0.187548 0.0556692 0.215569 0.256993 
0.878727 1.25984 0.0770682 3054.14 -0.0814616 0.098773 0.154405 0.399915 -0.00837455 -0.104763 0.132637 0.433103 -0.030982 0.174282 0.0731129 0.389502 -0.0543403 0.36469 0.090731 0.497929 
1.01472 1.23978 0.129043 10353.2 -0.137859 -0.1447 0.151861 0.257282 -0.0329924 -0.373889 0.139415 0.40414 -0.195945 0.10255 0.213898 0.329064 0.0168378 0.315888 0.0911442 0.483926 
0.893258 1.32462 0.0085316 2285.21 0.0342679 -0.0408057 0.418284 0.551577 0.00557405 -0.0318684 0.293894 0.370012 -0.00942369 0.113571 0.281141 0.280037 0.0209388 0.149526 0.223129 0.210788 
0.929878 1.21578 0.117995 9001.22 -0.00919032 -0.33662 0.0548501 0.341956 0.204329 -0.168925 0.211499 0.194063 -0.0223133 -0.016683 0.041009 0.487913 0.406143 0.0414696 0.407708 0.192633 
1.04206 1.1101 -0.0801178 2474.59 -0.388229 -0.0427011 0.438144 0.102318 0.0955903 -0.244353 0.133115 0.250378 -0.49162 0.000361217 0.497048 0.0490171 0.0330847 -0.0154889 0.0388205 0.0204705 
1.40793 1.27906 -0.223684 2354.3 -0.400017 -0.0431296 0.539554 0.0688765 -0.00778775 0.00122893 0.109351 0.106834 -0.411657 0.0126507 0.537626 0.0386503 0.0747815 0.0473654 0.172827 0.13743 
1.45558 1.34465 0.0611942 10255.7 0.0215006 -0.248177 0.092712 0.495786 0.133815 -0.0861763 0.302667 0.417983 -0.0153249 0.0526984 0.15433 0.067622 0.355029 0.0532922 0.47704 0.0626114 
6.38152 -0.775987 1.13128 13954.4 -0.368102 0.0109187 0.407072 0.0582315 0.0055605 -0.0517139 0.0188907 0.179874 -0.18107 0.186353 0.196032 0.263395 0.0125247 0.42026 0.0604888 0.547655 
-2.64931 1.86184 0.724763 2990.37 -0.259575 -0.0971031 0.383136 0.114533 0.0727087 -0.302795 0.155523 0.442072 -0.433031 0.0602898 0.44781 0.0825055 0.0138915 0.056075 0.160078 0.110629 
4.68199 -2.27779 0.0228204 15131.1 -0.109817 -0.331063 0.191881 0.390904 0.182133 -0.201963 0.203316 0.232074 -0.128249 0.287628 0.303204 0.329654 0.258675 0.183918 0.279898 0.196852 
1.36652 1.29472 -0.337756 2008.07 -0.00597543 -0.0692344 0.274664 0.432192 0.316683 0.000344243 0.505229 0.0531896 0.165568 0.290882 0.177642 0.296756 0.124988 0.157171 0.262339 0.169215 
1.75535 1.36344 -0.341365 3831.21 -0.00447772 0.00260271 0.149665 0.0442185 0.201204 -0.144952 0.631057 0.223417 0.0312175 0.00701756 0.0859391 0.0435802 0.134565 0.161553 0.602826 0.214052 
-1.65347 2.62152 0.910574 5438.58 0.00717838 -0.362072 0.0328653 0.381969 0.265154 -0.0895344 0.270927 0.219569 0.0122589 -0.0125449 0.017594 0.0185829 0.507511 -0.0498734 0.507511 0.0518426 
1.81465 1.32547 -0.210398 4101.88 -0.148699 -0.0477658 0.71821 0.267241 -0.0247417 0.0529349 0.186723 0.102022 -0.0893167 -0.0520383 0.419093 0.232422 -0.104744 -0.0104826 0.210246 0.203232 
3.8165 2.27001 0.837592 4579.33 0.170428 -0.298232 0.210442 0.422521 0.218201 -0.17588 0.257038 0.288235 0.0870146 0.0394145 0.142031 0.272847 0.381865 0.0821561 0.396245 0.131255 
0.954843 1.18018 0.0381786 6626.23 -0.0661952 -0.288663 0.366344 0.3103 0.23959 -0.183031 0.260983 0.2288 -0.0902508 0.233104 0.253037 0.273259 0.223083 0.130999 0.267955 0.345272 
0.901109 1.20415 -0.178634 3271.62 -0.0816803 -0.33933 0.141791 0.371483 0.169351 -0.208783 0.184968 0.271032 -0.0459017 0.178014 0.230459 0.448532 0.214904 0.104617 0.260079 0.344853 
0.912803 1.20543 -0.0325331 2299.25 -0.0170225 0.013956 0.214418 0.362759 0.00254556 -0.103787 0.249971 0.380121 0.0285529 0.18424 0.204118 0.443976 -0.00312769 0.279601 0.271273 0.417272 
5.12258 2.43482 0.89387 3399.44 -0.1691 -0.141243 0.328409 0.357182 -0.00942684 -0.164605 0.181299 0.241414 -0.408633 0.0532562 0.43185 0.452976 0.120034 0.0507188 0.120034 0.0569489 
5.49305 2.55442 1.28233 3640.03 -0.13536 -0.288738 0.227313 0.361871 -0.200941 -0.112775 0.279946 0.210031 -0.17231 0.297898 0.215959 0.464482 0.00689739 0.189782 0.141643 0.320267 
1.02819 1.12252 0.0577912 9702.89 -0.361455 0.00945819 0.419042 0.0262426 0.287863 -0.16673 0.291123 0.202109 -0.332606 0.0196629 0.398841 0.0594166 0.214707 0.115703 0.234096 0.253639 
1.36522 1.32982 0.262372 14149.3 -0.113339 -0.317957 0.267059 0.356185 0.230467 -0.0873959 0.286078 0.0957374 -0.0505853 0.213471 0.214898 0.504744 0.146109 0.0720189 0.243069 0.314543 
5.83103 1.89981 1.02943 3268.42 -0.107933 0.0997773 0.110548 0.139209 0.0113094 0.00276352 0.0584469 0.014478 0.0160707 0.289133 0.305716 0.399357 0.068477 0.488034 0.0751635 0.597547 
3.57723 1.47237 -0.349251 3454.61 -0.0595688 0.0311024 0.170033 0.233196 -0.0177707 -0.187785 0.0417332 0.212116 0.0412465 -0.108009 0.349277 0.432607 0.0415133 0.392471 0.0665722 0.587523 
3.84719 1.344 -0.620125 2439.78 -0.10964 -0.397794 0.133054 0.426941 -0.0511456 -0.444061 0.0879264 0.466541 -0.00788674 0.0688726 0.205337 0.191534 0.02227 0.20821 0.0450557 0.270547 
3.6617 1.22607 0.213601 7743.97 -0.0874706 -0.239487 0.136001 0.375973 -0.0602926 -0.214312 0.210249 0.419166 0.0399195 0.180316 0.143772 0.440878 -0.0103095 0.314374 0.196599 0.340735 
3.29462 1.33536 0.191134 11465.3 -0.0587304 -0.201382 0.210211 0.224122 0.184874 -0.384375 0.185667 0.389828 -0.0580427 0.222236 0.220631 0.223574 0.0703849 0.373086 0.18528 0.402662 
3.60318 1.08453 0.0804557 15150.8 -0.29905 0.056619 0.330333 0.0654953 0.399259 -0.115965 0.399259 0.116001 -0.251587 -0.00269271 0.282759 0.158788 0.24158 0.0506523 0.340584 0.320333 
3.53297 1.09806 -0.194403 8625.63 0.0135653 -0.193903 0.268287 0.229546 0.271343 -0.235038 0.475215 0.257629 -0.030824 -0.081175 0.23578 0.229302 0.333403 -0.13359 0.378509 0.161195 
1.8015 1.38874 -0.30954 3912.36 0.0512838 -0.0408694 0.169114 0.124124 0.162525 0.0176591 0.602087 0.106622 0.0270122 0.000684879 0.203824 0.0742373 0.192452 -0.0352242 0.662378 0.154498 
1.94507 1.20734 0.10554 7643.14 0.0900261 -0.15149 0.243162 0.354107 -0.0110461 0.128413 0.343495 0.417986 -0.0133284 0.306361 0.180299 0.356452 0.175253 0.197572 0.281099 0.262128 
0.806688 -2.1104 0.186949 4577.65 0.0142826 -0.261641 0.302113 0.28397 0.0714045 -0.494377 0.0807418 0.52245 -0.22391 0.000288926 0.419175 0.0425606 -0.00412852 -0.00427258 0.00818166 0.00936543 
3.55712 1.56997 -0.193263 2784.46 0.113959 -0.192089 0.167479 0.583349 -0.012977 -0.0856334 0.374491 0.447669 0.0422186 0.144919 0.0957657 0.19793 0.192952 -0.018311 0.261038 0.231533 
0 0 0 2468.45 0.0628004 -0.252858 0.157072 0.507159 0.161368 -0.227556 0.200521 0.713118 -0.00196591 -0.0438335 0.0277958 0.070134 0.0219151 -0.0549081 0.0601674 0.0945392 
5.21338 2.35826 0.905624 8595.11 -0.160768 -0.136054 0.389391 0.373169 0.0693079 -0.204289 0.203648 0.258297 -0.210764 -0.0441983 0.462631 0.424103 0.158294 0.0933068 0.158294 0.0996827 
3.30407 2.32865 -0.104329 3273.37 0.0204027 0.0143665 0.0299142 0.025603 0.415043 -0.00791911 0.415938 0.029043 0.025347 0.133348 0.0966062 0.635441 0.273602 0.0715211 0.283285 0.243975 
3.68947 1.43119 -0.60065 2748 -0.0424952 -0.462648 0.128504 0.512292 -0.0712844 -0.331284 0.15296 0.359158 0.029333 0.0952177 0.0586398 0.38994 0.0260635 -0.00818626 0.214653 0.159354 
3.54305 1.02154 -0.491891 16710.5 -0.128022 -0.297805 0.168845 0.459226 0.0926787 -0.0595671 0.500636 0.243756 0.0598236 0.271339 0.0953874 0.279713 0.206369 0.125499 0.273795 0.187195 
1.74798 1.18757 -0.17272 7206.33 0.0946643 -0.36806 0.247519 0.448904 0.219937 -0.311751 0.277023 0.584107 -0.00190638 0.00732612 0.0149422 0.0401922 0.0376478 -0.0799458 0.0537507 0.125406 
5.21764 0.546191 0.0364614 17443.4 -0.0318979 -0.177035 0.250661 0.341216 -0.0343447 -0.473933 0.0438638 0.474327 -0.215143 0.0459347 0.264031 0.194394 -0.0387621 0.10728 0.077142 0.400328 
3.63518 1.31267 -0.331068 9410.58 -0.116114 -0.0132797 0.323182 0.218781 0.114524 -0.201596 0.314873 0.269169 0.0381242 0.130216 0.193731 0.394301 0.0498752 0.277771 0.148648 0.543039 
0 0 0 3497.78 0.069566 -0.159675 0.195365 0.301391 0.159796 -0.451085 0.239371 0.525719 0.0386234 0.111089 0.221569 0.216094 -0.0616547 0.221813 0.173404 0.292022 
5.16557 0.71804 0.224076 5108.91 -0.335028 -0.0710946 0.342491 0.0891793 0.42082 -0.082367 0.42477 0.0889542 -0.177494 0.0258852 0.230682 0.274421 0.282644 0.0247615 0.339863 0.152681 
3.63573 0.914483 -0.332187 11364.5 -0.00785536 -0.13441 0.445179 0.285095 0.191693 -0.08976 0.209997 0.183162 -0.197366 0.074083 0.523899 0.207977 0.317751 0.00552876 0.320085 0.078112 
6.06387 0.0637521 0.209803 19447.8 -0.0615266 -0.339454 0.198022 0.351152 0.145718 -0.303508 0.18626 0.353775 0.00765639 0.0187737 0.283313 0.372684 0.171966 -0.0397754 0.256565 0.357653 
3.86756 0.800484 -0.733101 13736.5 -0.129598 -0.30663 0.233268 0.368153 0.2044 -0.216036 0.21977 0.227741 -0.130072 0.28609 0.292129 0.325549 0.238709 0.20861 0.259705 0.226077 
-1.60442 2.53765 0.619358 9466.37 -0.00192229 0.020604 0.0274475 0.0214012 0.420802 -0.00784402 0.421011 0.0186309 -0.0847453 0.464351 0.103195 0.471121 0.176221 0.228504 0.228612 0.228826 
0 0 0 3969.77 0.00917781 -0.127722 0.132059 0.367431 -0.0230154 -0.253502 0.357943 0.459825 0.0423515 0.115735 0.149147 0.223006 0.137515 0.296946 0.145646 0.459716 
0 0 0 6478.63 -0.256844 -0.0548439 0.316133 0.17206 0.139679 -0.294366 0.231995 0.377404 -0.130406 0.107184 0.208003 0.292503 -0.186822 0.241262 0.295976 0.401288 
5.75485 -0.068864 -0.120045 4444.65 -0.171176 -0.0689259 0.326182 0.327396 0.0874786 -0.314693 0.0919253 0.551313 -0.381518 0.0178934 0.424091 0.0712008 0.012183 0.0166598 0.0168018 0.0188645 
4.77411 -0.146813 0.0466131 7256.65 -0.335795 -0.0761538 0.372849 0.175494 0.00602393 -0.385165 0.148864 0.453393 -0.286438 -0.136965 0.346147 0.315434 -0.0772539 0.0217338 0.0811256 0.0315383 
4.90995 0.592511 -0.138588 5963.18 -0.293481 -0.0864585 0.381861 0.254297 -0.0966496 -0.121706 0.143372 0.449529 -0.43021 0.0187302 0.50139 0.0441632 -0.0287245 0.0102546 0.0850039 0.0157397 
0.499096 2.56627 0.558496 3411.6 -0.01624 0.0382557 0.0163808 0.0387489 0.0887286 0.0270255 0.503114 0.0279706 -0.0465119 0.407254 0.0489434 0.495278 -0.0529077 0.167626 0.494877 0.206075 
6.09776 0.278669 0.0285944 3500.28 5.82871e-05 -0.355804 0.0526881 0.456054 0.0606721 -0.147279 0.22155 0.314356 0.0439576 0.0932308 0.0531517 0.523651 0.077333 -0.0465542 0.111987 0.423313 
6.40302 -0.76416 1.26488 2527.45 -0.430717 0.00446079 0.467074 0.027669 0.0264543 -0.0458395 0.0400004 0.257831 -0.433719 -0.00481881 0.508097 0.0374288 0.0380983 0.0221502 0.0466506 0.26676 
6.09545 -0.799426 0.3219 9957.34 0.000259954 -0.333382 0.00734814 0.342496 -0.0120238 -0.246279 0.0976858 0.264194 -0.117548 0.226452 0.141608 0.579713 -0.0125741 0.171923 0.207273 0.369582 
0.650035 -1.77821 -0.458738 2827.22 -0.0552458 -0.274373 0.135662 0.487693 0.279835 -0.101673 0.281705 0.208324 0.0452293 -0.00605383 0.0906924 0.0176932 0.465119 0.0232595 0.46834 0.028933 
4.73614 0.616639 -0.763699 2759.04 -0.300219 -0.0486602 0.523955 0.116054 -0.0163645 -0.0616114 0.113925 0.294947 -0.389852 0.0398254 0.391074 0.312075 0.0868196 0.149679 0.114277 0.256072 
4.67711 1.01543 -0.252854 13338.8 -0.00639648 -0.278384 0.215024 0.374385 0.233633 -0.11897 0.255405 0.250345 -0.0421247 0.356251 0.230145 0.360267 0.24431 0.181473 0.268132 0.251112 
1.06937 -2.18169 0.0572267 5711.02 0.0673567 -0.39217 0.0967252 0.515535 0.02447 -0.19331 0.348443 0.345352 -0.0140081 0.0310131 0.0345818 0.0361418 0.202986 0.0358945 0.484928 0.0384972 
5.995 -0.00871888 0.0664472 6901.63 0.0600724 -0.212463 0.189499 0.421762 0.147083 -0.132043 0.209023 0.186696 -0.0252501 0.389086 0.109614 0.413032 0.0960211 0.047315 0.29737 0.430307 
0.63898 2.60237 0.132743 25513.4 -0.0620695 -0.0630906 0.266731 0.290979 -0.0141561 -0.295975 0.0441369 0.516073 -0.18524 0.0198004 0.494661 0.0757717 -0.0398806 0.147094 0.258379 0.324245 
6.14346 0.19275 0.185835 7679.99 -0.279021 -0.244494 0.281591 0.246828 -0.0321383 -0.293781 0.268043 0.299215 -0.22661 -0.174909 0.306213 0.342545 0.067306 -0.020362 0.250066 0.334368 
0.779694 -2.10975 -0.531518 7305.61 -0.138833 -0.0207221 0.244278 0.38085 0.0429874 -0.228996 0.0454734 0.588435 -0.331085 0.00247792 0.42721 0.0483857 0.0665392 0.0219393 0.0818784 0.250325 
5.67897 0.236759 -0.0955709 17142.9 0.0293395 -0.226562 0.0568327 0.539375 0.293821 0.00212217 0.307912 0.376655 -0.00615683 0.00675463 0.0136909 0.0197292 0.314251 -0.235624 0.31705 0.273094 
6.11487 -0.353136 -0.0386617 6087.26 -0.0499566 -0.352841 0.162777 0.355181 -0.0178271 -0.351933 0.132906 0.367128 0.0446878 0.206331 0.299351 0.29535 -0.0012219 0.293674 0.176332 0.314775 
5.70674 -0.530996 -0.0446174 7746.66 -0.0141241 -0.231104 0.143933 0.33332 0.188389 -0.0907631 0.243513 0.317894 -0.209976 -0.016107 0.252668 0.18514 0.473587 0.0127452 0.491326 0.0339528 
6.28724 -0.909003 0.326204 6978.45 0.123407 -0.396946 0.123407 0.396946 0.104584 -0.359585 0.222774 0.375061 0.0105485 -0.0107894 0.0105527 0.0109097 0.0880998 -0.00512549 0.561019 0.0269019 
5.80492 -0.531204 -0.395277 2209.02 -0.137112 0.0483339 0.747203 0.126546 0.00123864 0.00769609 0.00824592 0.0191257 -0.0793223 0.0215925 0.573884 0.231719 -0.0335642 0.0435384 0.0585538 0.083774 
6.04507 -0.252344 -0.0436634 5707.45 -0.0488934 -0.277233 0.167751 0.384236 0.0906261 -0.258518 0.268134 0.354144 -0.00672149 0.34305 0.127379 0.344051 0.0626967 0.311325 0.116142 0.318097 
5.80132 0.183946 -0.0451535 3195.81 -0.0258395 -0.0424766 0.122054 0.250075 0.0315484 -0.102862 0.0394496 0.298384 0.0134684 0.337633 0.0845899 0.46114 0.0917773 0.431717 0.115207 0.521061 
5.87544 0.326571 -0.0369892 2299.64 0.000992053 0.0843677 0.0268676 0.185085 0.0381403 0.0737888 0.161136 0.178722 0.0276249 0.238566 0.0842286 0.573948 0.0306592 0.255406 0.119703 0.646055 
5.91945 0.414271 -0.054194 3132.35 -0.0178793 0.0479259 0.0263341 0.0694972 -0.00454687 0.0186577 0.0230789 0.0412247 -0.181237 0.355856 0.223014 0.498794 0.0784176 0.390395 0.186863 0.573859 
0 0 0 5828.92 -0.0529999 -0.469026 0.19938 0.469026 0.217044 -0.242778 0.489929 0.357424 -0.00493436 0.00105141 0.0234529 0.0250852 0.0334717 -0.136905 0.0525418 0.140741 
-2.24629 0.132514 -0.0489816 6537.14 -0.0581009 -0.258458 0.268842 0.272067 0.00983095 -0.460978 0.0232777 0.493347 -0.273444 0.00764858 0.498161 0.0405442 -0.00229823 0.00626778 0.0122485 0.0120992 
6.09936 -0.126274 0.234449 3590.24 0.0726604 -0.329279 0.115105 0.460437 0.159015 -0.210761 0.176341 0.334284 -0.0343092 0.306131 0.11827 0.421627 0.0421364 0.118079 0.31222 0.217775 
6.22686 -0.582872 0.326695 7315.75 -0.0617235 -0.178473 0.436847 0.185557 0.133897 -0.435441 0.141814 0.439589 -0.225439 -0.0210463 0.513726 0.0293936 0.0028689 -0.00947699 0.00576484 0.0100703 
5.80311 0.129256 -0.0469656 14068.4 0.0187663 -0.154897 0.043345 0.282784 0.10659 0.0173324 0.17006 0.26619 -0.0106812 0.520752 0.0322978 0.524964 0.123059 0.315483 0.123773 0.322459 
5.84219 0.244863 -0.0568988 4088.7 0.0159595 0.0420755 0.130929 0.313625 0.0683086 -0.0554764 0.172918 0.271654 0.0693056 0.376846 0.0805597 0.460798 0.055646 0.399799 0.11876 0.473434 
6.04842 -0.07546 -0.0428841 3454.35 -0.0052271 0.0118743 0.0792013 0.103549 0.0222156 -0.024453 0.0592648 0.168781 -0.0526222 0.400813 0.0646054 0.581797 0.00381261 0.441407 0.0361561 0.49657 
6.12706 -0.158862 0.129761 2374.3 0.111026 -0.0973665 0.315036 0.347 0.187171 -0.138112 0.25227 0.182106 -0.0401343 0.0206656 0.233027 0.544518 0.29765 0.0715823 0.334024 0.212396 
-2.24766 0.149351 -0.149869 5179.35 -0.331921 -0.00608298 0.437697 0.0490876 -0.00825612 0.00374741 0.012141 0.00721449 -0.0887807 0.273831 0.239285 0.278557 -0.000268126 0.481187 0.0301616 0.494648 
0 0 0 2777.17 -0.0203113 -0.246986 0.167496 0.322083 0.109158 -0.402974 0.119476 0.415211 0.0294381 0.0534591 0.408682 0.190879 0.0818719 0.265559 0.190707 0.35361 
6.33064 -0.910432 0.0843341 3325.04 -0.0142004 -0.00351098 0.0940498 0.0798442 0.282971 -0.0159891 0.614035 0.0459066 -0.0275817 0.352339 0.0379826 0.469308 0.129049 0.133058 0.30547 0.222131 
6.1306 -0.463113 -0.0531825 3914.68 -0.0836149 -0.0811342 0.183165 0.41302 -0.110498 -0.167661 0.117645 0.250443 -0.0629723 0.328238 0.0745104 0.349347 0.00323423 0.441895 0.083844 0.472525 
5.74133 -5.30191 0.270794 3325.4 -0.229048 -0.00194605 0.618521 0.0333056 0.036934 0.04243 0.0654723 0.0629361 -0.0657537 0.115783 0.251952 0.327315 0.0389017 0.276455 0.048675 0.530738 
6.16109 -0.380169 -0.0386491 16096.3 0.010687 -0.390285 0.0626748 0.400427 0.144079 -0.208376 0.19228 0.221939 0.0609472 0.287481 0.102749 0.337463 0.18149 0.192016 0.293505 0.401276 
5.71005 -0.465232 -0.138892 3296.75 -0.105759 -0.0668386 0.542215 0.194365 0.120638 -0.242457 0.287007 0.477728 -0.25694 -0.0204555 0.420133 0.130131 -0.00118767 0.0187619 0.0264805 0.0323328 
6.26288 -1.00896 0.0853899 7877.64 -0.176205 -0.0208784 0.615568 0.0327622 -0.00420505 -0.00808591 0.00523101 0.00831551 -0.0715014 0.254004 0.281906 0.275922 -0.0449708 0.35054 0.0644672 0.481265 
6.19161 -1.3056 0.0829177 11528.9 0.00939431 -0.00461551 0.00939432 0.00561481 0.465008 0.000345863 0.465045 0.0364453 -0.043768 0.382893 0.060191 0.43998 0.112432 -0.0354332 0.345127 0.293805 
-0.823318 0.902324 -0.675185 10136.2 -0.246412 -0.138741 0.280529 0.167882 0.134715 -0.0691775 0.380049 0.182922 -0.345696 -0.0037558 0.370805 0.16509 0.265661 0.00340977 0.461619 0.208546 
6.08457 -1.78611 0.392729 11322.8 -0.115388 0.00243367 0.314414 0.177946 0.270396 -0.18418 0.297492 0.189988 -0.303126 -0.0459569 0.406773 0.123256 0.386923 0.0229209 0.397988 0.201151 
5.64963 -0.556924 -0.125313 3588.49 -0.124286 -0.146759 0.12564 0.157373 -0.00710371 -0.33058 0.313355 0.348797 -0.238741 0.0407991 0.392168 0.0890348 -0.018136 0.13124 0.332381 0.492894 
6.13404 -1.7941 0.0602119 19972.4 -0.0713837 -0.189169 0.311207 0.19207 0.151353 -0.127953 0.342109 0.262012 -0.0333011 0.0928989 0.359703 0.462041 0.04142 0.0421373 0.378189 0.313452 
6.14235 -2.4132 0.158523 5052.86 -0.0238696 -0.16448 0.341876 0.386036 0.0239388 -0.436445 0.0287746 0.450911 -0.113576 -0.145912 0.44667 0.253194 0.0102575 0.0487756 0.0281319 0.0559644 
5.81645 -5.04388 0.69851 3570.7 -0.224964 -0.00367813 0.593326 0.159127 0.0342366 -0.0945267 0.0450138 0.338956 -0.23699 -0.0057362 0.604309 0.0582894 -0.0141215 0.0589792 0.0337941 0.0669193 
6.48491 -3.75377 0.83963 5123.92 -0.245603 -0.139687 0.303852 0.143478 0.348883 -0.113772 0.349447 0.113772 -0.300427 0.069856 0.343934 0.101142 0.383139 0.0196192 0.390104 0.115765 
6.4416 -5.10352 0.54725 4101.58 -0.303351 0.0122338 0.636494 0.0285543 -0.0626245 -0.0490803 0.384063 0.105671 -0.120241 -0.078313 0.328591 0.243496 -0.0156685 0.111205 0.34021 0.139774 
5.72671 -4.93451 0.663784 2281.13 -0.201311 -0.013306 0.69096 0.111732 0.0658707 -0.0637808 0.0823547 0.322474 -0.183482 -0.026519 0.507626 0.101193 0.110289 0.0939022 0.110867 0.118138 
5.84227 -5.50457 1.31291 5475.21 -0.0635001 -0.142926 0.122408 0.212379 0.0689936 -0.214762 0.0743023 0.270962 -0.295633 -0.19829 0.350875 0.398019 0.207096 -0.146385 0.259156 0.489731 
5.84071 -5.02106 -0.670449 2011.91 0.0883983 0.0112173 0.0935839 0.0338129 0.101378 0.23794 0.307551 0.298279 0.0194751 0.413925 0.0301095 0.414113 0.142255 0.16351 0.328398 0.474832 
6.3258 -5.00258 0.963893 19626.5 -0.219705 -0.262101 0.250123 0.274549 0.219141 -0.386393 0.220301 0.407143 -0.196981 -0.00316556 0.442049 0.152714 -0.0621882 -0.0570425 0.186588 0.168161 
5.46077 -4.89424 0.256446 3309.52 -0.00353654 0.0535206 0.0189146 0.0575005 0.294059 0.00899375 0.54772 0.0357015 -0.0302705 0.298228 0.0396911 0.568686 0.0492259 0.108048 0.290091 0.300039 
5.11579 -5.09316 0.675142 3049.67 0.0698413 -0.293439 0.405921 0.293439 0.0309689 -0.386953 0.274234 0.396876 -0.0676627 -0.122133 0.447509 0.122133 0.111386 -0.00307818 0.157881 0.0354348 
6.03707 -4.91271 0.771724 5130.36 0.0951579 -0.457878 0.134754 0.462078 -0.0230352 -0.356577 0.308956 0.41139 -0.0175648 0.0089357 0.0739696 0.0887066 0.0355632 0.00835747 0.360288 0.109349 
5.7286 -5.07104 0.848117 9137.56 -0.0611795 -0.229932 0.283712 0.344417 -0.00517461 -0.308558 0.0698048 0.508147 -0.127317 0.0164863 0.521242 0.0865554 0.0543733 0.00234804 0.098954 0.259128 
5.26981 -2.53314 -0.393408 11048.3 -0.172016 -0.00952138 0.301231 0.213026 0.44697 -0.0290949 0.496905 0.0379142 -0.121162 0.248404 0.121162 0.250482 0.214814 0.130718 0.383569 0.144804 
4.87715 -4.95792 0.644331 6854.77 0.010448 -0.362567 0.21469 0.4031 0.172501 -0.219068 0.219327 0.246951 0.0284575 0.135593 0.243805 0.34002 0.183723 -0.0564762 0.214416 0.437577 
5.08131 -2.32924 -0.318595 3266.43 -0.224201 -0.107881 0.340893 0.277813 -0.0133815 -0.244291 0.243898 0.269677 -0.205033 -0.0127292 0.369163 0.345392 0.0578709 0.270342 0.304265 0.286141 
5.06165 -2.32126 -0.424234 2436.45 -0.0122862 -0.11647 0.276315 0.379448 0.109827 -0.126062 0.19319 0.234983 0.012168 0.222558 0.135361 0.505857 0.0626993 0.317703 0.14575 0.438491 
5.16098 -2.34352 0.0686718 5329.62 0.100595 -0.1766 0.366512 0.190739 0.0432409 -0.266954 0.0509024 0.481978 -0.112435 0.0136222 0.537092 0.0271332 0.243549 0.00489695 0.28606 0.187649 
5.25084 -2.33143 -0.373493 3969.45 -0.0045331 -0.00446897 0.00571815 0.0104707 0.455816 -0.00595615 0.471343 0.0106058 -0.0501291 0.32111 0.0989405 0.329326 0.29018 0.0680473 0.495238 0.0987341 
5.05491 -2.33196 0.0848977 4082.17 0.015277 -0.372271 0.0232529 0.385175 0.144098 -0.106829 0.146449 0.190352 -0.00530539 0.274123 0.158776 0.370253 0.228446 0.0173623 0.565201 0.106387 
6.25327 -5.11684 0.261777 2485.85 -0.367075 0.025437 0.527653 0.0375561 0.0353598 0.106008 0.097572 0.119429 -0.108767 0.156231 0.287923 0.18712 0.0984784 0.380992 0.235195 0.428916 
5.02697 -2.29991 -0.308444 6401.04 0.0319187 -0.290097 0.282918 0.342095 0.22626 -0.168931 0.316087 0.194087 -0.0391531 0.232493 0.342817 0.248259 0.323089 0.0940995 0.352967 0.164019 
3.80232 -3.19118 0.665809 8170.26 -0.325423 0.00743169 0.326129 0.0200045 0.140745 -0.124567 0.313717 0.240893 -0.38079 0.0345158 0.381037 0.084909 0.247484 0.183238 0.398111 0.208208 
4.41491 -2.38403 -0.413702 7548.76 -0.118691 -0.211304 0.354906 0.319723 0.0578779 -0.132647 0.437169 0.163491 -0.133714 0.226798 0.342959 0.277395 0.16709 0.174916 0.294705 0.234233 
3.54942 -3.16782 0.549782 8320.83 -0.0809602 -0.113423 0.230151 0.269623 0.0864057 -0.196155 0.14883 0.313522 -0.216695 0.0441988 0.248979 0.421305 0.221083 0.0913606 0.421751 0.396192 
4.9186 -2.36257 0.00449696 4503.93 -0.0200343 -0.187989 0.167888 0.455514 0.0439717 -0.195438 0.18254 0.369775 -0.0054253 0.275448 0.116223 0.392887 0.103794 0.298227 0.163979 0.372922 
4.31285 -2.3966 -0.417118 3061.33 -0.174329 -0.0914641 0.424674 0.111339 -0.0121295 -0.142044 0.329193 0.336553 0.0241328 0.186169 0.288052 0.225159 -0.0229108 0.354482 0.0916036 0.470989 
3.77221 -3.20084 0.495586 6678.99 -0.367353 -0.0701901 0.410109 0.118975 0.225207 0.00638903 0.313913 0.248987 -0.0772424 -0.00941524 0.117316 0.46475 0.0497067 0.00251245 0.0974862 0.463413 
3.6774 -3.12181 0.704535 10470 0.0195234 -0.0215181 0.355767 0.344104 0.123269 -0.261206 0.23385 0.352957 -0.0529886 0.15552 0.451995 0.215384 0.129059 0.287566 0.158545 0.296546 
3.21174 -3.10883 0.634048 16474.3 -0.0145079 -0.15433 0.187511 0.450146 0.186968 -0.152065 0.222004 0.274532 -0.214089 0.0882405 0.267133 0.318718 0.338258 0.15359 0.341435 0.267577 
4.39212 -2.35755 -0.324328 7413.6 -0.185762 -0.128333 0.204172 0.155385 -0.0870699 -0.288366 0.176639 0.512513 -0.396291 0.0244271 0.405207 0.0479367 0.174185 0.152371 0.270771 0.210854 
3.58753 -2.40168 0.0502807 4427.93 0.00615736 -0.101507 0.206139 0.256282 0.0302207 -0.130244 0.434876 0.172977 -0.0309342 0.0768499 0.155431 0.429783 -0.0161024 0.0789077 0.149836 0.628211 
3.70488 -2.46542 0.103941 10162.2 -0.280342 -0.152067 0.355415 0.155127 0.209209 -0.193723 0.333848 0.203155 -0.358561 0.0449722 0.365445 0.0767067 0.218694 0.125541 0.392187 0.160786 
4.06731 -2.36415 -0.389384 5086.7 -0.135701 -0.260967 0.202155 0.384369 -0.0413989 -0.257812 0.187997 0.452227 -0.237761 0.0325078 0.371608 0.204849 0.133252 0.115209 0.34865 0.159032 
3.96885 -2.37172 -0.389731 7583.99 -0.132393 -0.386414 0.169558 0.472761 0.0839571 -0.14657 0.340533 0.167174 -0.122767 0.118568 0.179016 0.148964 0.277552 0.00683151 0.496469 0.0202943 
4.15593 -2.36882 -0.230063 5233.02 -0.169267 -0.147327 0.320766 0.393094 0.167054 -0.225086 0.212651 0.272373 -0.170764 0.285589 0.171552 0.299429 0.112008 0.100698 0.436129 0.217183 
2.11681 -2.65277 0.403868 17132.7 -0.247449 -0.030591 0.295228 0.203952 0.0280219 -0.252114 0.0363701 0.331292 -0.282041 0.0517243 0.307444 0.243859 -0.0158745 0.15946 0.0444297 0.607118 
-0.874808 0.439514 -0.0233349 12516.6 -0.194826 -0.157978 0.301262 0.276562 0.215191 -0.163958 0.284962 0.28455 -0.182268 0.222099 0.297068 0.232735 0.215356 0.212785 0.397347 0.239969 
3.88764 -2.36226 -0.15927 4844.62 -0.137738 -0.0643803 0.343662 0.124063 0.244512 -0.229244 0.244596 0.476052 -0.285221 0.00280185 0.314888 0.02281 0.32413 0.149595 0.324262 0.152448 
2.10347 -2.6517 0.225469 13589.6 -0.240651 -0.102995 0.298237 0.294917 0.00575014 -0.135894 0.0549145 0.60179 -0.228555 -0.14218 0.329681 0.247615 0.0459153 0.0529098 0.0760316 0.342611 
2.06631 -2.66536 -0.115498 6073.62 0.0241974 -0.26415 0.116954 0.318295 0.11402 -0.198 0.185151 0.384467 -0.0334455 0.142713 0.047551 0.547201 0.103672 0.109142 0.158381 0.447325 
2.06152 -2.36141 0.386705 4288.34 0.0328737 -0.283403 0.0666178 0.333799 -0.0186076 -0.195617 0.148415 0.295853 -0.0057131 0.237707 0.0680771 0.641878 -0.089195 0.085492 0.17966 0.363827 
2.06844 -2.44282 0.104274 8578.53 -0.0974631 -0.0786535 0.107491 0.429735 0.0449001 -0.108528 0.0901228 0.550085 -0.0894922 0.18284 0.108533 0.401691 0.0209066 0.199249 0.1588 0.425107 
1.45621 -2.39204 0.61426 7162.27 -0.16041 -0.115571 0.169578 0.426795 -0.0542658 -0.338366 0.0822824 0.599623 -0.221596 -0.0945504 0.269005 0.279049 -0.00834273 0.133859 0.0258046 0.192764 
2.0068 -2.34213 -0.0570897 8450.97 -0.0786888 -0.218288 0.0978498 0.340733 0.0803384 -0.134382 0.40345 0.207508 -0.0410193 0.230177 0.0980098 0.50495 0.0704044 0.147171 0.352182 0.341521 
-2.60653 -2.05647 1.37989 7586.94 -0.00688891 -0.15723 0.0662831 0.420614 0.238615 0.0285159 0.50791 0.132979 -0.111526 0.0541299 0.171149 0.0949872 0.447674 -0.0154208 0.447674 0.0459359 
2.00472 -2.34212 -0.72797 4902.38 0.0367394 -0.0432697 0.190245 0.416025 0.179011 0.115866 0.265473 0.300848 0.033779 0.444154 0.0513218 0.444154 0.189129 0.227395 0.198326 0.23174 
1.10622 -2.19761 0.0383103 5866.26 0.0267136 -0.404283 0.0900738 0.525768 0.0973428 -0.130593 0.380407 0.375349 -0.0312661 0.0296853 0.0391702 0.0730492 0.283135 -0.0463175 0.34901 0.127233 
1.16305 -2.16804 0.324526 2615.46 -0.025018 -0.107034 0.069937 0.395829 0.0444044 0.0126367 0.291355 0.349174 -0.0414859 0.210572 0.426158 0.223211 0.0871329 0.062769 0.543449 0.164383 
0.640156 -1.77679 -0.534521 3495.54 -0.0523372 -0.176254 0.11687 0.459899 0.312095 -0.095373 0.32496 0.197775 -0.0173225 -0.0173913 0.0474436 0.0447627 0.483664 0.0355132 0.497376 0.0454583 
-2.73238 -1.34311 0.157059 7662.86 0.0191061 -0.0148054 0.0675453 0.0352783 0.0308443 -0.0232132 0.269997 0.319898 -0.0252315 0.412196 0.107206 0.558226 0.100748 0.354837 0.183333 0.387899 
-2.1696 -1.34106 0.462693 8569.17 -0.0484514 -0.420619 0.083404 0.429844 0.124746 -0.327498 0.172772 0.367105 -0.0525152 0.0473278 0.156027 0.0694551 0.259818 0.102861 0.440581 0.18135 
-1.35621 -0.9617 -0.191452 9011.93 -0.18007 -0.277256 0.211688 0.442982 -0.0855081 -0.150237 0.236274 0.416514 -0.126085 0.0684414 0.19691 0.334342 -0.0410676 0.0103019 0.24693 0.394544 
0.125346 -1.49405 -0.172302 2144.4 0.035818 -0.494981 0.05854 0.575499 -0.0414395 -0.28458 0.239826 0.37809 -0.00361952 0.103582 0.0491413 0.133562 0.206388 0.0755395 0.215386 0.0805937 
0.547922 2.71629 0.787861 3236.26 -0.105059 -0.134968 0.338577 0.224791 0.160249 0.0381543 0.399444 0.19975 0.0094532 0.0799632 0.134538 0.545269 0.0553066 0.0438433 0.208973 0.453553 
-0.972179 -1.03201 -0.312805 14701.5 -0.19976 -0.0538675 0.249275 0.274014 -0.0385978 -0.217451 0.190377 0.475155 -0.267449 0.141072 0.274913 0.172383 0.011948 0.225239 0.117256 0.497055 
0.22634 -1.46459 -0.655007 4164.4 0.127737 -0.0720726 0.285531 0.176847 0.152772 -0.0379989 0.373994 0.141163 0.146952 0.404423 0.281309 0.409369 0.163046 0.300371 0.168767 0.32049 
1.40606 -1.15937 -0.780826 3180.14 -0.310842 -0.190856 0.312001 0.322627 -0.143921 -0.184866 0.204406 0.209371 -0.260838 0.145586 0.265002 0.209342 -0.121379 0.293562 0.173565 0.435347 
0 0 0 4813.85 -0.258069 -0.176611 0.260104 0.210242 0.054974 -0.387127 0.106272 0.387127 -0.455958 0.094946 0.455958 0.104487 0.0669646 0.125263 0.0686293 0.125263 
0.0537383 -1.58497 -0.149917 2132.43 -0.00299246 -0.400829 0.083307 0.435425 0.0337939 -0.528048 0.0361342 0.532238 -0.0452305 0.0750102 0.102284 0.119369 -0.0264072 0.140898 0.0483755 0.150046 
-0.312665 -1.6046 -0.807615 2856.89 -0.058086 -0.0686385 0.533283 0.0942244 0.0163829 -0.132005 0.0801568 0.161365 0.0923382 0.21651 0.435026 0.225617 -0.0328182 0.400642 0.0609249 0.422206 
0.681986 -1.78105 -0.242497 3333.04 -0.00845556 -0.180806 0.0726549 0.532152 0.226505 -0.0260116 0.296777 0.304978 -0.000384912 0.0074396 0.0347591 0.0145842 0.47026 0.00174926 0.471144 0.0213088 
-2.02726 -0.718991 -0.384026 3971.75 -0.295889 -0.14377 0.381368 0.179471 0.00812089 -0.0552666 0.0189784 0.0718779 -0.128959 0.134904 0.215335 0.493191 -0.0767176 0.186619 0.0832795 0.576231 
-1.98079 -0.72924 -0.079823 5075.07 -0.113548 -0.326654 0.208041 0.411335 0.116206 -0.412928 0.134053 0.426438 -0.337517 0.0951884 0.33882 0.189354 0.00117246 -0.0678936 0.00833027 0.0707413 
-3.0372 -1.62558 0.150377 7894.27 -0.319599 0.0769078 0.334288 0.108806 -0.00891199 -0.00946023 0.0112828 0.0178127 -0.130157 0.147113 0.220971 0.324207 0.045653 0.406052 0.0883622 0.631924 
1.26027 -2.14391 -0.164829 4088.04 -0.0461222 -0.0547878 0.0718188 0.265517 0.195867 -0.059939 0.481411 0.130749 -0.0146102 0.174285 0.0443916 0.554932 0.0441376 0.0827577 0.383658 0.359563 
-1.93704 -0.733884 -0.768722 5986.55 -0.259796 0.0746111 0.28057 0.278736 0.198464 0.172082 0.220802 0.36659 0.0714926 0.17588 0.256834 0.433474 -0.0218303 0.229117 0.0640251 0.406207 
-2.65062 -0.456004 0.318469 2004.43 -0.178646 0.0767624 0.330991 0.217748 0.342566 -0.00630326 0.465892 0.147069 -0.225452 0.180167 0.276929 0.28583 0.223004 0.197283 0.258895 0.22215 
-2.40116 -0.267396 0.562522 2135.33 -0.165074 -0.155218 0.229225 0.338652 -0.179986 -0.154689 0.329666 0.321627 -0.252014 -0.0111253 0.29722 0.366806 0.118984 0.173535 0.148802 0.398796 
0.745692 -1.86574 -0.172842 3438.36 0.00829091 -0.1119 0.12537 0.167034 0.0734437 -0.117964 0.12421 0.171957 -0.0429289 0.196352 0.141866 0.585606 0.109322 0.151283 0.150099 0.646304 
-2.57681 -0.284212 0.377338 2003.28 0.00973626 -0.10747 0.149944 0.128048 -0.0108343 -0.110251 0.0731242 0.314287 -0.0302735 0.123844 0.164116 0.304142 -0.0293763 0.216847 0.0576297 0.802529 
-2.12409 0.136487 -0.32033 9630.1 -0.165745 -0.143584 0.260391 0.466038 0.200715 -0.0952036 0.224702 0.383305 -0.270596 -0.0163665 0.285115 0.0229731 0.361341 -0.00583623 0.364651 0.0280536 
-2.13678 0.144728 -0.081134 21763.8 -0.138194 -0.185059 0.316875 0.362368 0.0628064 -0.280786 0.200211 0.326961 -0.239972 0.0156063 0.312838 0.330017 0.19818 0.0845934 0.216554 0.355586 
-2.42196 0.128744 0.370518 4577.24 -0.41737 0.0381914 0.463213 0.0898935 0.0518403 0.0147878 0.056395 0.0326592 -0.132156 0.198867 0.158468 0.490346 -0.203708 0.142553 0.332979 0.313523 
-1.39443 -0.568629 -0.463622 7123.35 -0.166111 -0.257789 0.306934 0.351136 0.0404359 -0.321633 0.162812 0.386175 -0.0307437 -0.0564516 0.256771 0.401985 0.0447769 -0.00535059 0.231092 0.344054 
-0.881499 -0.178992 -0.362622 8532.56 -0.152999 -0.0907396 0.31095 0.189026 -0.0265945 -0.226285 0.167908 0.339991 -0.259365 0.050626 0.432089 0.19684 0.176023 0.19958 0.361926 0.372298 
-2.15481 0.381731 0.250197 5841.58 -0.149688 0.183352 0.328331 0.30469 0.0429393 -0.140536 0.060789 0.166919 -0.383534 0.058523 0.553556 0.255495 0.0170622 0.270126 0.115913 0.283587 
-2.27512 0.138243 0.124966 10502.2 -0.23683 -0.0872374 0.236912 0.106286 0.215412 0.129433 0.488692 0.221677 -0.0953497 0.194751 0.172195 0.397393 0.113752 0.0759423 0.390751 0.329402 
0.153174 -1.5483 -0.140825 2772.74 0.00119125 -0.491076 0.0301092 0.491878 0.0589329 -0.487092 0.0620494 0.493754 -0.0140009 0.0594007 0.0485361 0.0637105 0.061295 0.055448 0.0778953 0.066453 
-0.852833 0.0829736 -0.229924 15221.6 0.00929689 -0.324416 0.175287 0.423078 0.164204 -0.137189 0.256175 0.167634 0.0752222 0.322726 0.294652 0.397237 0.176279 0.159634 0.294223 0.215542 
-1.99449 0.553007 0.165836 2153.62 0.0434671 0.0263227 0.43618 0.398465 0.000857442 0.0174833 0.206547 0.369733 -0.0104248 0.281741 0.114484 0.380008 0.0799055 0.291681 0.123051 0.351148 
-0.878885 -0.17857 -0.226291 16490.4 -0.138001 -0.135456 0.328601 0.223737 -0.0551576 -0.274466 0.169492 0.398073 -0.177274 0.0722136 0.344566 0.200107 0.0566998 0.154713 0.187145 0.528428 
-0.879219 0.44271 -0.0280819 11562.2 -0.228193 -0.114618 0.280923 0.377051 0.273905 -0.134138 0.297262 0.282084 -0.160616 0.200706 0.330481 0.219777 0.220597 0.202437 0.255093 0.266484 
-2.46495 2.73275 0.779134 2015.14 -0.115638 -0.0174482 0.12854 0.114597 0.0192911 -0.0148278 0.0379427 0.0420171 0.199139 0.292284 0.29398 0.299163 -0.0434605 0.561912 0.0874418 0.570984 
-0.858799 -0.0433989 -0.257194 4570.33 -0.017207 -0.119424 0.326636 0.236825 -0.0180252 -0.113868 0.398471 0.174554 0.01443 0.207216 0.261604 0.423281 0.103506 0.352355 0.174752 0.398087 
-2.17794 2.04773 0.530433 9065.2 0.000678922 -0.1051 0.028314 0.153926 0.114463 0.238642 0.231401 0.302209 -0.0245768 0.475853 0.126117 0.512282 0.213785 0.230118 0.22701 0.304968 
-1.15504 2.5929 0.995479 5194.58 -0.0427436 -0.19485 0.0718119 0.238782 0.0767833 -0.211848 0.0855918 0.245213 -0.0584235 0.416525 0.105246 0.416803 0.124897 0.438626 0.125854 0.439154 
-0.751115 0.956853 -0.355054 2587.46 -0.193885 -0.0662147 0.201646 0.153844 0.14467 -0.11449 0.332708 0.220626 -0.285656 -0.0810426 0.317988 0.315371 0.305025 -0.0167926 0.534803 0.169595 
-0.451866 1.52379 -0.416597 6400.29 -0.18047 -0.158101 0.246045 0.222499 0.191014 -0.105618 0.294139 0.243312 -0.241254 -0.0146992 0.341789 0.331795 0.296782 0.0087817 0.362904 0.364379 
-0.783189 2.60772 0.37237 7374.92 -0.31893 0.0297444 0.348418 0.0389119 -0.0455399 0.0424128 0.413666 0.0500916 -0.0377241 0.031061 0.274981 0.205347 -0.231692 0.154542 0.349788 0.525903 
-0.599438 2.68529 0.294867 3899.89 -0.204168 0.0466649 0.395248 0.310364 0.0193283 -0.097505 0.122972 0.273916 -0.337898 0.0524423 0.433097 0.271493 -0.0568025 0.100336 0.0981093 0.444036 
-0.454107 1.4538 -0.183091 8503.55 -0.117569 -0.0676808 0.433509 0.228995 -0.00677312 -0.172 0.400802 0.242743 -0.0945243 0.178537 0.261374 0.220008 -0.0433337 0.219555 0.36733 0.38037 
-0.423474 1.4983 -0.537126 11239.4 -0.0338511 -0.318392 0.150593 0.555553 0.15441 -0.147049 0.209225 0.204697 -0.00507423 0.213441 0.2551 0.268875 0.315569 0.0861456 0.340093 0.164894 
1.21763 2.60855 0.795541 19325.3 -0.156867 -0.22948 0.182719 0.235754 0.0396535 -0.370737 0.123725 0.401734 -0.142603 -0.1188 0.363044 0.318202 0.237131 0.24535 0.238433 0.276452 
0.711115 2.63475 0.779834 15042.4 -0.213424 -0.0887657 0.729873 0.22534 0.21233 0.000567038 0.301151 0.0245067 -0.0678733 0.161823 0.226182 0.24478 0.0783006 0.157673 0.117657 0.19557 
1.10355 2.61933 0.408585 5414.85 -0.0520644 0.0238745 0.126687 0.1127 0.0675472 -0.0170137 0.0933605 0.0589474 0.140402 0.376012 0.208762 0.435559 0.048294 0.523024 0.0731796 0.523072 
1.05636 1.52961 -0.542118 11383.9 -0.0119605 -0.228899 0.113935 0.31103 0.102435 -0.189093 0.119694 0.403945 -0.0649826 0.087168 0.18663 0.515182 0.130118 0.0282052 0.27637 0.45338 
1.03299 1.97085 0.360881 5463.01 0.113864 -0.22675 0.182572 0.241482 0.285297 -0.0291734 0.345811 0.132472 0.14342 0.422578 0.146219 0.453677 0.15063 0.138454 0.18359 0.342305 
-0.0868454 2.83892 0.732723 3682.25 -0.0175093 -0.289609 0.0344949 0.500793 0.0875892 -0.31758 0.226022 0.42169 -0.0316478 0.0504688 0.0345709 0.0716186 0.0910993 0.0297773 0.553572 0.0297773 
0.972436 2.50145 0.834464 6268.34 0.0105555 -0.0177115 0.143224 0.262178 0.410777 -0.00458594 0.411749 0.0311327 0.029847 0.215831 0.332376 0.381234 0.308684 0.0341698 0.406908 0.0597984 
