20
-0.37016 1.62231 -0.205309 6045.61 -0.103607 -0.0934183 0.314782 0.400668 0.108451 -0.0981403 0.270098 0.412152 -0.123391 0.185483 0.322597 0.263026 0.101698 0.170194 0.346389 0.262827 
-0.417392 1.64127 -0.0246926 24298 -0.0929853 -0.118005 0.144527 0.593231 0.185843 -0.168853 0.197927 0.356645 -0.118027 0.0955305 0.260187 0.243766 0.170517 0.139267 0.365792 0.197192 
-0.423647 1.6512 0.070412 22231.8 -0.0861851 -0.0767311 0.138625 0.547562 0.168003 -0.0932509 0.180141 0.395609 -0.135583 0.120959 0.288245 0.25787 0.238777 0.159999 0.356865 0.211749 
-0.410414 1.63117 -0.121252 22409.4 -0.0950082 -0.142989 0.140262 0.609579 0.121066 -0.163286 0.286581 0.333848 -0.0854311 0.128206 0.226504 0.235758 0.145501 0.153662 0.354761 0.200976 
0.218341 2.51309 -0.458806 12637.8 -0.0183128 -0.31577 0.0774142 0.441893 0.0192436 -0.173812 0.19403 0.375811 -0.0222086 0.227289 0.228325 0.249601 0.0531086 0.0141351 0.545654 0.14222 
-0.300272 1.77876 -0.425466 18298 -0.274617 -0.107346 0.29687 0.199532 0.0448738 -0.162323 0.413173 0.231612 -0.323238 0.111494 0.325511 0.165396 0.240922 0.187489 0.360712 0.232301 
0.00435255 2.48894 0.351414 9174.06 -0.262333 -0.0353514 0.370008 0.0938824 0.229089 -0.193826 0.550677 0.24235 -0.119942 -0.198827 0.197991 0.283631 0.068882 -0.11752 0.174599 0.328488 
-0.233603 1.92929 -0.186023 13960.8 -0.216275 -0.0614936 0.264132 0.317379 -0.0368143 -0.119434 0.407387 0.310799 -0.26629 0.0505312 0.273765 0.251539 0.0439102 0.108435 0.420045 0.311501 
0.430679 2.50488 0.0283754 23598.8 -0.106167 -0.0440895 0.45498 0.106246 0.110389 -0.0175247 0.332343 0.276783 -0.0185911 0.0188283 0.239964 0.396821 0.107937 0.101517 0.119489 0.561572 
0.465927 2.48036 0.14443 24158.3 -0.041087 -0.257308 0.0655633 0.47527 0.0660677 -0.0582335 0.279013 0.253045 -0.152544 0.098774 0.296604 0.327561 0.248188 0.0242444 0.507197 0.0356593 
0.350354 2.49055 -0.105527 12523.6 -0.0887371 -0.105168 0.308537 0.169923 0.0176774 -0.429113 0.0391194 0.526603 -0.328174 -0.00385586 0.345694 0.0351589 0.0499354 0.15812 0.331481 0.162893 
0.593575 2.60811 -0.377433 3406.67 -0.19661 -0.0425057 0.202163 0.0810555 0.323681 -0.0279742 0.598002 0.120947 -0.116978 0.129154 0.260368 0.36946 0.176704 -0.0440377 0.223217 0.33747 
-0.478944 2.43721 0.337438 2585.89 -0.0308653 -0.218055 0.208056 0.311344 0.0305259 -0.185033 0.154436 0.210571 0.00309042 0.139954 0.0180979 0.585291 -0.00719563 0.116136 0.047484 0.571797 
0.433791 2.56992 -0.385224 3223.8 -0.0240457 -0.0748476 0.466097 0.0868577 0.16998 -0.200772 0.592011 0.24151 -0.0274277 -0.0561851 0.301702 0.255267 -0.000934995 -0.00567009 0.0611635 0.351998 
0.353698 2.39582 0.680582 4721.2 -0.0110766 -0.316573 0.194988 0.398949 0.0180813 -0.399236 0.0367935 0.45339 -0.11649 0.0126698 0.563444 0.0304051 0.0113085 0.00684731 0.0120241 0.0374436 
-0.322171 1.81787 -0.0701733 3193.31 -0.0673792 -0.336104 0.211353 0.338656 0.00670758 -0.413592 0.0922939 0.413731 -0.0337296 0.205094 0.222522 0.246004 -0.0213918 0.268084 0.175724 0.338692 
0.247087 2.46426 0.211811 9903.52 0.0772676 -0.344498 0.100278 0.398814 0.0798251 -0.00380266 0.25665 0.272261 -0.0184473 0.322278 0.0296673 0.324974 0.10913 0.0480736 0.503012 0.285025 
0.627486 1.53187 -0.347766 14373.3 -0.144066 -0.310646 0.279701 0.34266 0.288363 -0.105984 0.29569 0.124866 -0.185851 0.322086 0.187805 0.369119 0.262402 0.0905363 0.295168 0.116842 
-0.241938 1.88244 -0.361103 12927.6 -0.150376 -0.0568529 0.235762 0.345215 0.0034376 -0.0627878 0.315535 0.380797 -0.291858 -0.0358995 0.413872 0.179098 0.286745 0.0242087 0.392286 0.154475 
0.636971 2.52597 0.0189214 4737.33 -0.119576 -0.137702 0.144886 0.14628 -0.11884 -0.191891 0.147757 0.197025 0.00598903 0.308251 0.240636 0.392685 -0.214257 0.397615 0.267944 0.4763 
0.667072 1.53021 0.146833 17025.4 -0.0962405 -0.286315 0.131268 0.288098 0.109394 -0.304611 0.110248 0.309622 -0.0970605 0.318243 0.147086 0.355675 0.0971971 0.34887 0.157351 0.422339 
0.9241 2.41136 0.558056 2891.5 0.122055 -0.0539069 0.150537 0.116436 0.440074 -0.18237 0.440089 0.184663 0.0242006 -0.0364815 0.0588352 0.081863 0.409936 -0.148816 0.464204 0.26808 
0.690895 1.48988 -0.269965 2106.02 -0.087597 -0.128997 0.104223 0.238002 0.033347 -0.267244 0.067756 0.417485 -0.131725 0.249103 0.140738 0.384268 0.0563752 0.398587 0.134955 0.476129 
-0.230882 1.94285 -0.0657874 6063.72 -0.0377998 -0.256166 0.224023 0.258852 -0.124621 -0.174219 0.423129 0.182668 -0.0670827 0.11177 0.332687 0.380444 -0.0373069 0.051219 0.412639 0.329117 
-0.220594 1.87378 -0.438949 7703.52 -0.145575 -0.0196241 0.196723 0.272755 0.368342 -0.0166264 0.433864 0.160724 -0.0214883 0.351177 0.191903 0.405633 0.159231 0.195498 0.240521 0.260066 
-0.0871325 2.42775 -0.418458 3696.36 -0.0885775 -0.137871 0.112746 0.372598 0.0811328 -0.29568 0.203016 0.357258 0.0539283 0.242955 0.148185 0.459003 -0.150174 0.271684 0.2026 0.345051 
0.719767 1.48321 0.0348562 5872.42 -0.210782 -0.163506 0.233069 0.24932 0.114888 -0.209377 0.244485 0.542207 -0.163251 0.206738 0.182123 0.250738 0.0603411 0.207209 0.263357 0.343416 
-0.0382043 2.43964 -0.612991 8047.14 -0.274042 -0.1147 0.278246 0.127178 -0.173372 -0.304914 0.224508 0.408997 -0.341843 0.0591053 0.34615 0.122869 -0.116506 0.275072 0.203177 0.300538 
-0.110089 2.49916 -0.317739 4231.22 -0.0768444 -0.0827479 0.324863 0.191756 0.295977 -0.0396354 0.440255 0.108174 -0.0843996 -0.0175367 0.201831 0.457987 0.145573 -0.198507 0.338968 0.336792 
0.911057 1.76068 0.36835 6894.98 -0.379604 -0.0474193 0.387522 0.0510944 0.0246887 -0.0664385 0.145297 0.136805 -0.0491823 0.183335 0.062095 0.555874 0.00864761 0.389674 0.0112567 0.392512 
0.532498 1.72279 0.00430722 2020.63 -0.0816038 -0.0377306 0.179259 0.05964 0.382926 0.0327256 0.460948 0.0528094 -0.141174 0.0336553 0.211368 0.340051 0.409836 -0.0107177 0.486732 0.0614606 
-0.0106036 2.44065 -0.0663426 4117.51 -0.0587069 0.015415 0.0588156 0.0192847 0.370183 0.038536 0.427399 0.0445568 -0.0761182 0.295069 0.155969 0.487521 0.178468 0.0218903 0.223356 0.481189 
0.541582 1.64811 0.198097 2030.1 -0.0759338 -0.044384 0.0781673 0.13584 0.476375 -0.00453105 0.484883 0.00610136 -0.075642 -3.8995e-05 0.0791205 0.144928 0.483225 9.47648e-05 0.48878 0.00783038 
0.0198355 2.41032 -0.298816 5951.91 -0.183654 -0.178706 0.200766 0.235229 0.0670087 -0.160411 0.229401 0.418445 -0.0844042 0.059709 0.374997 0.244449 0.0132719 0.0743742 0.526144 0.290482 
0.118488 2.41 -0.280557 10225.6 -0.196371 -0.277117 0.28419 0.296514 0.258485 -0.25273 0.309666 0.282482 -0.0715179 0.145626 0.378212 0.246431 0.0714479 0.121486 0.322992 0.232601 
0.776075 1.43871 0.114144 8207.27 -0.1363 -0.207282 0.242467 0.307991 0.0287293 -0.428995 0.0531899 0.482706 -0.32748 0.0913432 0.368764 0.154368 -0.0204202 0.137581 0.094094 0.220162 
0.819671 1.44737 0.00930776 5735.97 -0.0509644 -0.0220642 0.24844 0.493703 0.0535781 -0.107481 0.236631 0.409228 -0.134062 0.0691741 0.247393 0.327789 0.0939989 0.124465 0.267782 0.405122 
0.877898 1.96909 0.409831 10235.5 -0.067588 -0.217002 0.0777223 0.219571 0.206287 -0.0846225 0.329336 0.107276 -0.0001128 0.447175 0.0389197 0.471646 0.0847008 0.279121 0.0904659 0.452729 
0.224331 2.43146 -0.291452 9880.53 -0.179899 -0.279501 0.276706 0.304923 0.195994 -0.227698 0.256637 0.250109 -0.114507 0.145557 0.302271 0.273892 0.170871 0.116727 0.477026 0.169688 
0.879696 1.36346 0.141395 10990.2 -0.0994833 -0.269731 0.10721 0.27474 0.0980154 -0.277103 0.152402 0.292856 -0.101037 -0.0221314 0.231911 0.494474 0.107004 0.0182269 0.184499 0.52612 
0.467372 2.50162 0.145739 16020.5 -0.0751957 -0.198574 0.102044 0.464753 0.0415606 -0.0401349 0.262183 0.27696 -0.206176 0.0557453 0.367616 0.313722 0.211023 0.0422824 0.500588 0.0570301 
0.85496 1.36614 -0.00264295 4794.87 -0.0385667 -0.13352 0.3058 0.403128 0.150531 -0.146056 0.320433 0.332829 -0.0457668 0.206885 0.265146 0.29734 0.118194 0.188541 0.227114 0.398676 
0.922874 1.32734 0.0328525 5479.17 -0.0294501 -0.0385451 0.196855 0.463455 0.0231791 0.151808 0.227403 0.579573 -0.0761058 0.111338 0.238554 0.333865 0.108667 0.0402684 0.267308 0.241952 
0.595081 2.48454 0.0338409 2299.7 -0.0141962 0.0446269 0.598961 0.062555 -0.0944433 -0.10657 0.157437 0.107615 -0.176106 -0.133411 0.37939 0.305965 -0.0767095 0.0527265 0.26101 0.461956 
0.894291 2.36006 0.540815 3943.77 0.0205856 0.0112011 0.0311033 0.0356311 0.273136 -0.070037 0.273139 0.0760186 0.0430946 0.488178 0.104891 0.49048 0.0893466 0.376698 0.0959906 0.429862 
0.578771 2.49056 -0.0197883 2497.32 -0.38474 0.0146633 0.442683 0.0270174 0.112818 0.0814039 0.179655 0.128284 -0.232482 -0.219089 0.258847 0.457609 0.084354 -0.136571 0.15677 0.392917 
0.984369 1.27809 0.0660005 17637.3 -0.0081238 -0.115684 0.0212216 0.474067 0.317951 -0.0534753 0.318558 0.207127 -0.00721387 0.350981 0.0293583 0.482944 0.176226 0.131551 0.194595 0.262539 
0.824233 1.40411 0.0760277 2935.32 -0.0454318 -0.0100315 0.100366 0.208726 0.106324 -0.0799578 0.218785 0.315824 0.0268637 0.300704 0.104346 0.615827 0.0461351 0.250103 0.157498 0.453256 
1.00361 1.26637 -0.00483621 3168.63 -0.0162389 -0.0404957 0.293415 0.486824 0.158296 0.0618509 0.223669 0.534284 -0.0702208 0.143258 0.266709 0.232376 0.187548 0.0556692 0.215569 0.256993 
0.930841 1.32196 0.0681266 3054.14 -0.0814616 0.098773 0.154405 0.399915 -0.00837455 -0.104763 0.132637 0.433103 -0.030982 0.174282 0.0731129 0.389502 -0.0543403 0.36469 0.090731 0.497929 
1.0769 1.21261 0.134705 16922.4 -0.154618 -0.212416 0.205508 0.225541 -0.0553593 -0.433672 0.105967 0.461187 -0.13985 0.16427 0.15696 0.204093 -0.0651704 0.380366 0.0685043 0.390623 
0.946885 1.39122 0.00267457 2285.21 0.0342679 -0.0408057 0.418284 0.551577 0.00557405 -0.0318684 0.293894 0.370012 -0.00942369 0.113571 0.281141 0.280037 0.0209388 0.149526 0.223129 0.210788 
0.986787 1.27942 0.10804 9001.22 -0.00919032 -0.33662 0.0548501 0.341956 0.204329 -0.168925 0.211499 0.194063 -0.0223133 -0.016683 0.041009 0.487913 0.406143 0.0414696 0.407708 0.192633 
1.10554 1.19272 -0.0900676 2474.59 -0.388229 -0.0427011 0.438144 0.102318 0.0955903 -0.244353 0.133115 0.250378 -0.49162 0.000361217 0.497048 0.0490171 0.0330847 -0.0154889 0.0388205 0.0204705 
1.45519 1.37677 -0.220888 2354.3 -0.400017 -0.0431296 0.539554 0.0688765 -0.00778775 0.00122893 0.109351 0.106834 -0.411657 0.0126507 0.537626 0.0386503 0.0747815 0.0473654 0.172827 0.13743 
1.51249 1.43677 0.0717283 10255.7 0.0215006 -0.248177 0.092712 0.495786 0.133815 -0.0861763 0.302667 0.417983 -0.0153249 0.0526984 0.15433 0.067622 0.355029 0.0532922 0.47704 0.0626114 
0 0 0 8495.01 -0.333681 -0.0529562 0.36181 0.0677967 0.0267461 -0.103975 0.100249 0.236076 -0.154884 0.0813824 0.235011 0.341011 -0.00369766 0.353062 0.074662 0.58367 
2.68276 2.17721 0.771888 3606.98 -0.280311 -0.110642 0.354266 0.139829 0.0876988 -0.261064 0.203752 0.497664 -0.400652 0.0201926 0.463296 0.0330181 -0.0555457 -0.0163364 0.107305 0.0675121 
0.887256 1.34813 -0.119804 4995.38 -0.148455 -0.290761 0.340217 0.375953 0.199694 -0.148054 0.256182 0.200175 -0.0783307 0.334652 0.256311 0.380412 0.133421 0.198961 0.175997 0.21161 
1.41985 1.41102 -0.342897 2008.07 -0.00597543 -0.0692344 0.274664 0.432192 0.316683 0.000344243 0.505229 0.0531896 0.165568 0.290882 0.177642 0.296756 0.124988 0.157171 0.262339 0.169215 
1.82868 1.49402 -0.317977 3831.21 -0.00447772 0.00260271 0.149665 0.0442185 0.201204 -0.144952 0.631057 0.223417 0.0312175 0.00701756 0.0859391 0.0435802 0.134565 0.161553 0.602826 0.214052 
1.41993 1.38892 -0.0966705 5700.44 -0.0734983 -0.460776 0.0795654 0.464104 0.16142 -0.197578 0.264323 0.198339 0.0123228 -0.0149412 0.0164933 0.0224443 0.388043 -0.0102696 0.482565 0.015082 
1.88005 1.45261 -0.191578 4101.88 -0.148699 -0.0477658 0.71821 0.267241 -0.0247417 0.0529349 0.186723 0.102022 -0.0893167 -0.0520383 0.419093 0.232422 -0.104744 -0.0104826 0.210246 0.203232 
3.80762 2.44977 0.973861 4579.33 0.170428 -0.298232 0.210442 0.422521 0.218201 -0.17588 0.257038 0.288235 0.0870146 0.0394145 0.142031 0.272847 0.381865 0.0821561 0.396245 0.131255 
1.03216 1.25054 0.0251313 6626.23 -0.0661952 -0.288663 0.366344 0.3103 0.23959 -0.183031 0.260983 0.2288 -0.0902508 0.233104 0.253037 0.273259 0.223083 0.130999 0.267955 0.345272 
0.978926 1.28347 -0.191562 3271.62 -0.0816803 -0.33933 0.141791 0.371483 0.169351 -0.208783 0.184968 0.271032 -0.0459017 0.178014 0.230459 0.448532 0.214904 0.104617 0.260079 0.344853 
0.990483 1.27657 -0.0448841 2299.25 -0.0170225 0.013956 0.214418 0.362759 0.00254556 -0.103787 0.249971 0.380121 0.0285529 0.18424 0.204118 0.443976 -0.00312769 0.279601 0.271273 0.417272 
5.12225 2.63604 1.08443 3399.44 -0.1691 -0.141243 0.328409 0.357182 -0.00942684 -0.164605 0.181299 0.241414 -0.408633 0.0532562 0.43185 0.452976 0.120034 0.0507188 0.120034 0.0569489 
5.44735 2.82154 1.4883 3640.03 -0.13536 -0.288738 0.227313 0.361871 -0.200941 -0.112775 0.279946 0.210031 -0.17231 0.297898 0.215959 0.464482 0.00689739 0.189782 0.141643 0.320267 
1.11659 1.19905 0.0434536 9702.89 -0.361455 0.00945819 0.419042 0.0262426 0.287863 -0.16673 0.291123 0.202109 -0.332606 0.0196629 0.398841 0.0594166 0.214707 0.115703 0.234096 0.253639 
1.4415 1.40888 0.269348 14149.3 -0.113339 -0.317957 0.267059 0.356185 0.230467 -0.0873959 0.286078 0.0957374 -0.0505853 0.213471 0.214898 0.504744 0.146109 0.0720189 0.243069 0.314543 
5.77359 2.22611 1.20842 4612.88 -0.118536 0.112017 0.126048 0.155146 0.0210166 0.0105649 0.0440427 0.0166345 0.0293565 0.274192 0.313936 0.401786 0.0930049 0.498196 0.0951229 0.571875 
3.65821 1.73076 -0.275874 3454.61 -0.0595688 0.0311024 0.170033 0.233196 -0.0177707 -0.187785 0.0417332 0.212116 0.0412465 -0.108009 0.349277 0.432607 0.0415133 0.392471 0.0665722 0.587523 
3.97275 1.63366 -0.551942 2867.49 -0.0882789 -0.387207 0.108108 0.423382 -0.0427907 -0.425869 0.117413 0.503553 0.0121017 0.0560149 0.15922 0.193451 0.0554198 0.196945 0.0672726 0.296442 
3.71633 1.46064 0.286963 7743.97 -0.0874706 -0.239487 0.136001 0.375973 -0.0602926 -0.214312 0.210249 0.419166 0.0399195 0.180316 0.143772 0.440878 -0.0103095 0.314374 0.196599 0.340735 
3.34632 1.54913 0.259689 11465.3 -0.0587304 -0.201382 0.210211 0.224122 0.184874 -0.384375 0.185667 0.389828 -0.0580427 0.222236 0.220631 0.223574 0.0703849 0.373086 0.18528 0.402662 
3.69391 1.31698 0.129093 15222.9 -0.302135 0.0563369 0.331805 0.064565 0.399924 -0.112757 0.399924 0.112899 -0.254999 -0.00396077 0.282148 0.162191 0.24505 0.0464763 0.338283 0.312649 
3.61722 1.34242 -0.142639 12109.7 -0.0289077 -0.242307 0.25406 0.278921 0.32393 -0.259447 0.430219 0.268951 -0.0263719 -0.046631 0.200782 0.201267 0.346277 -0.107576 0.359236 0.148634 
1.86112 1.52289 -0.285028 3912.36 0.0512838 -0.0408694 0.169114 0.124124 0.162525 0.0176591 0.602087 0.106622 0.0270122 0.000684879 0.203824 0.0742373 0.192452 -0.0352242 0.662378 0.154498 
1.95666 1.31326 0.109597 7643.14 0.0900261 -0.15149 0.243162 0.354107 -0.0110461 0.128413 0.343495 0.417986 -0.0133284 0.306361 0.180299 0.356452 0.175253 0.197572 0.281099 0.262128 
2.91413 2.43329 -0.0816192 7327.45 -0.189282 -0.0789714 0.367945 0.2606 -0.0188543 -0.162103 0.051893 0.621804 -0.32593 -0.00984829 0.478924 0.0138405 0.0115154 0.02149 0.0143751 0.0223003 
3.63231 1.81512 -0.118764 2784.46 0.113959 -0.192089 0.167479 0.583349 -0.012977 -0.0856334 0.374491 0.447669 0.0422186 0.144919 0.0957657 0.19793 0.192952 -0.018311 0.261038 0.231533 
0 0 0 2468.45 0.0628004 -0.252858 0.157072 0.507159 0.161368 -0.227556 0.200521 0.713118 -0.00196591 -0.0438335 0.0277958 0.070134 0.0219151 -0.0549081 0.0601674 0.0945392 
5.16091 2.66673 1.09592 8595.11 -0.160768 -0.136054 0.389391 0.373169 0.0693079 -0.204289 0.203648 0.258297 -0.210764 -0.0441983 0.462631 0.424103 0.158294 0.0933068 0.158294 0.0996827 
3.26986 2.54841 0.0183156 3494.48 0.0105824 0.00423714 0.0118176 0.00878056 0.324061 0.0202739 0.434614 0.0297415 -0.00673016 0.115678 0.0428667 0.628263 0.223928 0.0335736 0.405589 0.273026 
3.78935 1.71049 -0.52973 2748 -0.0424952 -0.462648 0.128504 0.512292 -0.0712844 -0.331284 0.15296 0.359158 0.029333 0.0952177 0.0586398 0.38994 0.0260635 -0.00818626 0.214653 0.159354 
3.67771 1.28737 -0.454343 19765.4 -0.133554 -0.309676 0.171686 0.465413 0.0966047 -0.0750677 0.464613 0.247239 0.0589728 0.283015 0.0971645 0.290794 0.206122 0.138426 0.267329 0.192567 
1.82696 1.312 -0.167066 7206.33 0.0946643 -0.36806 0.247519 0.448904 0.219937 -0.311751 0.277023 0.584107 -0.00190638 0.00732612 0.0149422 0.0401922 0.0376478 -0.0799458 0.0537507 0.125406 
5.31148 0.874808 0.121245 21804.1 -0.0534563 -0.178761 0.229952 0.339803 -0.0308102 -0.465071 0.0386584 0.46889 -0.234297 0.0433958 0.277178 0.200298 -0.0240315 0.109378 0.0689457 0.406203 
3.70489 1.57538 -0.253726 9410.58 -0.116114 -0.0132797 0.323182 0.218781 0.114524 -0.201596 0.314873 0.269169 0.0381242 0.130216 0.193731 0.394301 0.0498752 0.277771 0.148648 0.543039 
0 0 0 3497.78 0.069566 -0.159675 0.195365 0.301391 0.159796 -0.451085 0.239371 0.525719 0.0386234 0.111089 0.221569 0.216094 -0.0616547 0.221813 0.173404 0.292022 
5.30978 1.01775 0.320818 25966.6 -0.325478 -0.102765 0.331774 0.102765 0.33664 -0.112609 0.336675 0.14136 -0.284186 -0.0326587 0.286217 0.254825 0.327906 -0.0372059 0.335183 0.230756 
3.77426 1.16993 -0.305038 10223.4 0.0242303 -0.138871 0.477428 0.291593 0.186101 -0.0725439 0.195365 0.137556 -0.166579 0.0504474 0.51481 0.246783 0.320223 0.0216773 0.323685 0.0771173 
6.25016 0.415757 0.312119 21906.3 -0.0453768 -0.380145 0.167525 0.380232 0.110458 -0.307025 0.156851 0.325282 0.00957388 0.0741382 0.275919 0.383925 0.128019 -0.042695 0.249439 0.35966 
4.02285 1.08645 -0.708607 33255.8 -0.165292 -0.286549 0.244649 0.345604 0.195703 -0.229272 0.20907 0.234697 -0.20098 0.196099 0.420107 0.28655 0.218125 0.177461 0.224309 0.227125 
6.41256 0.834694 1.28912 25989.5 -0.0517996 -0.045667 0.0557638 0.189516 0.441237 -0.00749871 0.489462 0.0122829 -0.00351924 0.428407 0.0104895 0.445528 0.172404 0.180739 0.189113 0.200444 
0 0 0 3969.77 0.00917781 -0.127722 0.132059 0.367431 -0.0230154 -0.253502 0.357943 0.459825 0.0423515 0.115735 0.149147 0.223006 0.137515 0.296946 0.145646 0.459716 
0 0 0 6478.63 -0.256844 -0.0548439 0.316133 0.17206 0.139679 -0.294366 0.231995 0.377404 -0.130406 0.107184 0.208003 0.292503 -0.186822 0.241262 0.295976 0.401288 
6.16637 0.229362 -0.047234 9366.88 -0.136134 -0.117847 0.330633 0.491144 0.00670975 -0.4547 0.0838117 0.4547 -0.0755283 -0.200043 0.154538 0.339189 0.00490909 0.0379023 0.0543111 0.065784 
4.98869 0.165324 0.0630567 7816.26 -0.332949 -0.112497 0.342839 0.189865 -0.00477055 -0.394451 0.141236 0.459301 -0.3032 -0.126354 0.357981 0.293499 -0.076519 0.0204153 0.077543 0.0284693 
5.0928 0.884634 -0.0794604 6645 -0.338377 -0.0470143 0.374014 0.226335 -0.064132 -0.0715032 0.0966204 0.499497 -0.437812 0.0163008 0.47175 0.0472911 -0.0293251 0.00857369 0.0741663 0.0164175 
4.80062 0.366038 -0.432674 3115.52 -0.0562706 0.00328565 0.13128 0.126083 0.132551 0.00574838 0.394492 0.0958217 -0.0234068 0.451407 0.0560158 0.5825 -0.107536 0.198001 0.313252 0.287308 
6.1352 0.651466 0.155526 3326.16 -0.0188486 -0.448699 0.0505923 0.451913 -0.01718 -0.178157 0.205728 0.26811 0.00753662 0.106415 0.0610625 0.437646 0.168783 0.0438388 0.190551 0.414065 
6.49488 -0.455557 1.32504 3027.1 -0.439895 0.00964834 0.469767 0.0297411 0.0363434 -0.0392432 0.0454902 0.261978 -0.469207 0.0120824 0.486168 0.0218952 0.0383836 0.0267192 0.0433214 0.212035 
6.31718 -0.427915 0.377327 10934 -0.00143199 -0.309972 0.00792364 0.317115 -0.00416741 -0.232861 0.105386 0.245863 -0.116216 0.22541 0.13776 0.627056 -0.0038173 0.177885 0.201917 0.356756 
20
-0.37016 1.62231 -0.205309 6045.61 -0.103607 -0.0934183 0.314782 0.400668 0.108451 -0.0981403 0.270098 0.412152 -0.123391 0.185483 0.322597 0.263026 0.101698 0.170194 0.346389 0.262827 
-0.417392 1.64127 -0.0246926 24298 -0.0929853 -0.118005 0.144527 0.593231 0.185843 -0.168853 0.197927 0.356645 -0.118027 0.0955305 0.260187 0.243766 0.170517 0.139267 0.365792 0.197192 
-0.423647 1.6512 0.070412 22231.8 -0.0861851 -0.0767311 0.138625 0.547562 0.168003 -0.0932509 0.180141 0.395609 -0.135583 0.120959 0.288245 0.25787 0.238777 0.159999 0.356865 0.211749 
-0.410414 1.63117 -0.121252 22409.4 -0.0950082 -0.142989 0.140262 0.609579 0.121066 -0.163286 0.286581 0.333848 -0.0854311 0.128206 0.226504 0.235758 0.145501 0.153662 0.354761 0.200976 
0.218341 2.51309 -0.458806 12637.8 -0.0183128 -0.31577 0.0774142 0.441893 0.0192436 -0.173812 0.19403 0.375811 -0.0222086 0.227289 0.228325 0.249601 0.0531086 0.0141351 0.545654 0.14222 
-0.300272 1.77876 -0.425466 18298 -0.274617 -0.107346 0.29687 0.199532 0.0448738 -0.162323 0.413173 0.231612 -0.323238 0.111494 0.325511 0.165396 0.240922 0.187489 0.360712 0.232301 
0.00435255 2.48894 0.351414 9174.06 -0.262333 -0.0353514 0.370008 0.0938824 0.229089 -0.193826 0.550677 0.24235 -0.119942 -0.198827 0.197991 0.283631 0.068882 -0.11752 0.174599 0.328488 
-0.233603 1.92929 -0.186023 13960.8 -0.216275 -0.0614936 0.264132 0.317379 -0.0368143 -0.119434 0.407387 0.310799 -0.26629 0.0505312 0.273765 0.251539 0.0439102 0.108435 0.420045 0.311501 
0.430679 2.50488 0.0283754 23598.8 -0.106167 -0.0440895 0.45498 0.106246 0.110389 -0.0175247 0.332343 0.276783 -0.0185911 0.0188283 0.239964 0.396821 0.107937 0.101517 0.119489 0.561572 
0.465927 2.48036 0.14443 24158.3 -0.041087 -0.257308 0.0655633 0.47527 0.0660677 -0.0582335 0.279013 0.253045 -0.152544 0.098774 0.296604 0.327561 0.248188 0.0242444 0.507197 0.0356593 
0.350354 2.49055 -0.105527 12523.6 -0.0887371 -0.105168 0.308537 0.169923 0.0176774 -0.429113 0.0391194 0.526603 -0.328174 -0.00385586 0.345694 0.0351589 0.0499354 0.15812 0.331481 0.162893 
0.593575 2.60811 -0.377433 3406.67 -0.19661 -0.0425057 0.202163 0.0810555 0.323681 -0.0279742 0.598002 0.120947 -0.116978 0.129154 0.260368 0.36946 0.176704 -0.0440377 0.223217 0.33747 
-0.478944 2.43721 0.337438 2585.89 -0.0308653 -0.218055 0.208056 0.311344 0.0305259 -0.185033 0.154436 0.210571 0.00309042 0.139954 0.0180979 0.585291 -0.00719563 0.116136 0.047484 0.571797 
0.433791 2.56992 -0.385224 3223.8 -0.0240457 -0.0748476 0.466097 0.0868577 0.16998 -0.200772 0.592011 0.24151 -0.0274277 -0.0561851 0.301702 0.255267 -0.000934995 -0.00567009 0.0611635 0.351998 
0.353698 2.39582 0.680582 4721.2 -0.0110766 -0.316573 0.194988 0.398949 0.0180813 -0.399236 0.0367935 0.45339 -0.11649 0.0126698 0.563444 0.0304051 0.0113085 0.00684731 0.0120241 0.0374436 
-0.322171 1.81787 -0.0701733 3193.31 -0.0673792 -0.336104 0.211353 0.338656 0.00670758 -0.413592 0.0922939 0.413731 -0.0337296 0.205094 0.222522 0.246004 -0.0213918 0.268084 0.175724 0.338692 
0.247087 2.46426 0.211811 9903.52 0.0772676 -0.344498 0.100278 0.398814 0.0798251 -0.00380266 0.25665 0.272261 -0.0184473 0.322278 0.0296673 0.324974 0.10913 0.0480736 0.503012 0.285025 
0.627486 1.53187 -0.347766 14373.3 -0.144066 -0.310646 0.279701 0.34266 0.288363 -0.105984 0.29569 0.124866 -0.185851 0.322086 0.187805 0.369119 0.262402 0.0905363 0.295168 0.116842 
-0.241938 1.88244 -0.361103 12927.6 -0.150376 -0.0568529 0.235762 0.345215 0.0034376 -0.0627878 0.315535 0.380797 -0.291858 -0.0358995 0.413872 0.179098 0.286745 0.0242087 0.392286 0.154475 
0.636971 2.52597 0.0189214 4737.33 -0.119576 -0.137702 0.144886 0.14628 -0.11884 -0.191891 0.147757 0.197025 0.00598903 0.308251 0.240636 0.392685 -0.214257 0.397615 0.267944 0.4763 
0.667072 1.53021 0.146833 17025.4 -0.0962405 -0.286315 0.131268 0.288098 0.109394 -0.304611 0.110248 0.309622 -0.0970605 0.318243 0.147086 0.355675 0.0971971 0.34887 0.157351 0.422339 
0.9241 2.41136 0.558056 2891.5 0.122055 -0.0539069 0.150537 0.116436 0.440074 -0.18237 0.440089 0.184663 0.0242006 -0.0364815 0.0588352 0.081863 0.409936 -0.148816 0.464204 0.26808 
0.690895 1.48988 -0.269965 2106.02 -0.087597 -0.128997 0.104223 0.238002 0.033347 -0.267244 0.067756 0.417485 -0.131725 0.249103 0.140738 0.384268 0.0563752 0.398587 0.134955 0.476129 
-0.230882 1.94285 -0.0657874 6063.72 -0.0377998 -0.256166 0.224023 0.258852 -0.124621 -0.174219 0.423129 0.182668 -0.0670827 0.11177 0.332687 0.380444 -0.0373069 0.051219 0.412639 0.329117 
-0.220594 1.87378 -0.438949 7703.52 -0.145575 -0.0196241 0.196723 0.272755 0.368342 -0.0166264 0.433864 0.160724 -0.0214883 0.351177 0.191903 0.405633 0.159231 0.195498 0.240521 0.260066 
-0.0871325 2.42775 -0.418458 3696.36 -0.0885775 -0.137871 0.112746 0.372598 0.0811328 -0.29568 0.203016 0.357258 0.0539283 0.242955 0.148185 0.459003 -0.150174 0.271684 0.2026 0.345051 
0.719767 1.48321 0.0348562 5872.42 -0.210782 -0.163506 0.233069 0.24932 0.114888 -0.209377 0.244485 0.542207 -0.163251 0.206738 0.182123 0.250738 0.0603411 0.207209 0.263357 0.343416 
-0.0382043 2.43964 -0.612991 8047.14 -0.274042 -0.1147 0.278246 0.127178 -0.173372 -0.304914 0.224508 0.408997 -0.341843 0.0591053 0.34615 0.122869 -0.116506 0.275072 0.203177 0.300538 
-0.110089 2.49916 -0.317739 4231.22 -0.0768444 -0.0827479 0.324863 0.191756 0.295977 -0.0396354 0.440255 0.108174 -0.0843996 -0.0175367 0.201831 0.457987 0.145573 -0.198507 0.338968 0.336792 
0.911057 1.76068 0.36835 6894.98 -0.379604 -0.0474193 0.387522 0.0510944 0.0246887 -0.0664385 0.145297 0.136805 -0.0491823 0.183335 0.062095 0.555874 0.00864761 0.389674 0.0112567 0.392512 
0.532498 1.72279 0.00430722 2020.63 -0.0816038 -0.0377306 0.179259 0.05964 0.382926 0.0327256 0.460948 0.0528094 -0.141174 0.0336553 0.211368 0.340051 0.409836 -0.0107177 0.486732 0.0614606 
-0.0106036 2.44065 -0.0663426 4117.51 -0.0587069 0.015415 0.0588156 0.0192847 0.370183 0.038536 0.427399 0.0445568 -0.0761182 0.295069 0.155969 0.487521 0.178468 0.0218903 0.223356 0.481189 
0.541582 1.64811 0.198097 2030.1 -0.0759338 -0.044384 0.0781673 0.13584 0.476375 -0.00453105 0.484883 0.00610136 -0.075642 -3.8995e-05 0.0791205 0.144928 0.483225 9.47648e-05 0.48878 0.00783038 
0.0198355 2.41032 -0.298816 5951.91 -0.183654 -0.178706 0.200766 0.235229 0.0670087 -0.160411 0.229401 0.418445 -0.0844042 0.059709 0.374997 0.244449 0.0132719 0.0743742 0.526144 0.290482 
0.118488 2.41 -0.280557 10225.6 -0.196371 -0.277117 0.28419 0.296514 0.258485 -0.25273 0.309666 0.282482 -0.0715179 0.145626 0.378212 0.246431 0.0714479 0.121486 0.322992 0.232601 
0.776075 1.43871 0.114144 8207.27 -0.1363 -0.207282 0.242467 0.307991 0.0287293 -0.428995 0.0531899 0.482706 -0.32748 0.0913432 0.368764 0.154368 -0.0204202 0.137581 0.094094 0.220162 
0.819671 1.44737 0.00930776 5735.97 -0.0509644 -0.0220642 0.24844 0.493703 0.0535781 -0.107481 0.236631 0.409228 -0.134062 0.0691741 0.247393 0.327789 0.0939989 0.124465 0.267782 0.405122 
0.877898 1.96909 0.409831 10235.5 -0.067588 -0.217002 0.0777223 0.219571 0.206287 -0.0846225 0.329336 0.107276 -0.0001128 0.447175 0.0389197 0.471646 0.0847008 0.279121 0.0904659 0.452729 
0.224331 2.43146 -0.291452 9880.53 -0.179899 -0.279501 0.276706 0.304923 0.195994 -0.227698 0.256637 0.250109 -0.114507 0.145557 0.302271 0.273892 0.170871 0.116727 0.477026 0.169688 
0.879696 1.36346 0.141395 10990.2 -0.0994833 -0.269731 0.10721 0.27474 0.0980154 -0.277103 0.152402 0.292856 -0.101037 -0.0221314 0.231911 0.494474 0.107004 0.0182269 0.184499 0.52612 
0.467372 2.50162 0.145739 16020.5 -0.0751957 -0.198574 0.102044 0.464753 0.0415606 -0.0401349 0.262183 0.27696 -0.206176 0.0557453 0.367616 0.313722 0.211023 0.0422824 0.500588 0.0570301 
0.85496 1.36614 -0.00264295 4794.87 -0.0385667 -0.13352 0.3058 0.403128 0.150531 -0.146056 0.320433 0.332829 -0.0457668 0.206885 0.265146 0.29734 0.118194 0.188541 0.227114 0.398676 
0.922874 1.32734 0.0328525 5479.17 -0.0294501 -0.0385451 0.196855 0.463455 0.0231791 0.151808 0.227403 0.579573 -0.0761058 0.111338 0.238554 0.333865 0.108667 0.0402684 0.267308 0.241952 
0.595081 2.48454 0.0338409 2299.7 -0.0141962 0.0446269 0.598961 0.062555 -0.0944433 -0.10657 0.157437 0.107615 -0.176106 -0.133411 0.37939 0.305965 -0.0767095 0.0527265 0.26101 0.461956 
0.894291 2.36006 0.540815 3943.77 0.0205856 0.0112011 0.0311033 0.0356311 0.273136 -0.070037 0.273139 0.0760186 0.0430946 0.488178 0.104891 0.49048 0.0893466 0.376698 0.0959906 0.429862 
0.578771 2.49056 -0.0197883 2497.32 -0.38474 0.0146633 0.442683 0.0270174 0.112818 0.0814039 0.179655 0.128284 -0.232482 -0.219089 0.258847 0.457609 0.084354 -0.136571 0.15677 0.392917 
0.984369 1.27809 0.0660005 17637.3 -0.0081238 -0.115684 0.0212216 0.474067 0.317951 -0.0534753 0.318558 0.207127 -0.00721387 0.350981 0.0293583 0.482944 0.176226 0.131551 0.194595 0.262539 
0.824233 1.40411 0.0760277 2935.32 -0.0454318 -0.0100315 0.100366 0.208726 0.106324 -0.0799578 0.218785 0.315824 0.0268637 0.300704 0.104346 0.615827 0.0461351 0.250103 0.157498 0.453256 
1.00361 1.26637 -0.00483621 3168.63 -0.0162389 -0.0404957 0.293415 0.486824 0.158296 0.0618509 0.223669 0.534284 -0.0702208 0.143258 0.266709 0.232376 0.187548 0.0556692 0.215569 0.256993 
0.930841 1.32196 0.0681266 3054.14 -0.0814616 0.098773 0.154405 0.399915 -0.00837455 -0.104763 0.132637 0.433103 -0.030982 0.174282 0.0731129 0.389502 -0.0543403 0.36469 0.090731 0.497929 
1.0769 1.21261 0.134705 16922.4 -0.154618 -0.212416 0.205508 0.225541 -0.0553593 -0.433672 0.105967 0.461187 -0.13985 0.16427 0.15696 0.204093 -0.0651704 0.380366 0.0685043 0.390623 
0.946885 1.39122 0.00267457 2285.21 0.0342679 -0.0408057 0.418284 0.551577 0.00557405 -0.0318684 0.293894 0.370012 -0.00942369 0.113571 0.281141 0.280037 0.0209388 0.149526 0.223129 0.210788 
0.986787 1.27942 0.10804 9001.22 -0.00919032 -0.33662 0.0548501 0.341956 0.204329 -0.168925 0.211499 0.194063 -0.0223133 -0.016683 0.041009 0.487913 0.406143 0.0414696 0.407708 0.192633 
1.10554 1.19272 -0.0900676 2474.59 -0.388229 -0.0427011 0.438144 0.102318 0.0955903 -0.244353 0.133115 0.250378 -0.49162 0.000361217 0.497048 0.0490171 0.0330847 -0.0154889 0.0388205 0.0204705 
1.45519 1.37677 -0.220888 2354.3 -0.400017 -0.0431296 0.539554 0.0688765 -0.00778775 0.00122893 0.109351 0.106834 -0.411657 0.0126507 0.537626 0.0386503 0.0747815 0.0473654 0.172827 0.13743 
1.51249 1.43677 0.0717283 10255.7 0.0215006 -0.248177 0.092712 0.495786 0.133815 -0.0861763 0.302667 0.417983 -0.0153249 0.0526984 0.15433 0.067622 0.355029 0.0532922 0.47704 0.0626114 
0 0 0 8495.01 -0.333681 -0.0529562 0.36181 0.0677967 0.0267461 -0.103975 0.100249 0.236076 -0.154884 0.0813824 0.235011 0.341011 -0.00369766 0.353062 0.074662 0.58367 
2.68276 2.17721 0.771888 3606.98 -0.280311 -0.110642 0.354266 0.139829 0.0876988 -0.261064 0.203752 0.497664 -0.400652 0.0201926 0.463296 0.0330181 -0.0555457 -0.0163364 0.107305 0.0675121 
0.887256 1.34813 -0.119804 4995.38 -0.148455 -0.290761 0.340217 0.375953 0.199694 -0.148054 0.256182 0.200175 -0.0783307 0.334652 0.256311 0.380412 0.133421 0.198961 0.175997 0.21161 
1.41985 1.41102 -0.342897 2008.07 -0.00597543 -0.0692344 0.274664 0.432192 0.316683 0.000344243 0.505229 0.0531896 0.165568 0.290882 0.177642 0.296756 0.124988 0.157171 0.262339 0.169215 
1.82868 1.49402 -0.317977 3831.21 -0.00447772 0.00260271 0.149665 0.0442185 0.201204 -0.144952 0.631057 0.223417 0.0312175 0.00701756 0.0859391 0.0435802 0.134565 0.161553 0.602826 0.214052 
1.41993 1.38892 -0.0966705 5700.44 -0.0734983 -0.460776 0.0795654 0.464104 0.16142 -0.197578 0.264323 0.198339 0.0123228 -0.0149412 0.0164933 0.0224443 0.388043 -0.0102696 0.482565 0.015082 
1.88005 1.45261 -0.191578 4101.88 -0.148699 -0.0477658 0.71821 0.267241 -0.0247417 0.0529349 0.186723 0.102022 -0.0893167 -0.0520383 0.419093 0.232422 -0.104744 -0.0104826 0.210246 0.203232 
3.80762 2.44977 0.973861 4579.33 0.170428 -0.298232 0.210442 0.422521 0.218201 -0.17588 0.257038 0.288235 0.0870146 0.0394145 0.142031 0.272847 0.381865 0.0821561 0.396245 0.131255 
1.03216 1.25054 0.0251313 6626.23 -0.0661952 -0.288663 0.366344 0.3103 0.23959 -0.183031 0.260983 0.2288 -0.0902508 0.233104 0.253037 0.273259 0.223083 0.130999 0.267955 0.345272 
0.978926 1.28347 -0.191562 3271.62 -0.0816803 -0.33933 0.141791 0.371483 0.169351 -0.208783 0.184968 0.271032 -0.0459017 0.178014 0.230459 0.448532 0.214904 0.104617 0.260079 0.344853 
0.990483 1.27657 -0.0448841 2299.25 -0.0170225 0.013956 0.214418 0.362759 0.00254556 -0.103787 0.249971 0.380121 0.0285529 0.18424 0.204118 0.443976 -0.00312769 0.279601 0.271273 0.417272 
5.12225 2.63604 1.08443 3399.44 -0.1691 -0.141243 0.328409 0.357182 -0.00942684 -0.164605 0.181299 0.241414 -0.408633 0.0532562 0.43185 0.452976 0.120034 0.0507188 0.120034 0.0569489 
5.44735 2.82154 1.4883 3640.03 -0.13536 -0.288738 0.227313 0.361871 -0.200941 -0.112775 0.279946 0.210031 -0.17231 0.297898 0.215959 0.464482 0.00689739 0.189782 0.141643 0.320267 
1.11659 1.19905 0.0434536 9702.89 -0.361455 0.00945819 0.419042 0.0262426 0.287863 -0.16673 0.291123 0.202109 -0.332606 0.0196629 0.398841 0.0594166 0.214707 0.115703 0.234096 0.253639 
1.4415 1.40888 0.269348 14149.3 -0.113339 -0.317957 0.267059 0.356185 0.230467 -0.0873959 0.286078 0.0957374 -0.0505853 0.213471 0.214898 0.504744 0.146109 0.0720189 0.243069 0.314543 
5.77359 2.22611 1.20842 4612.88 -0.118536 0.112017 0.126048 0.155146 0.0210166 0.0105649 0.0440427 0.0166345 0.0293565 0.274192 0.313936 0.401786 0.0930049 0.498196 0.0951229 0.571875 
3.65821 1.73076 -0.275874 3454.61 -0.0595688 0.0311024 0.170033 0.233196 -0.0177707 -0.187785 0.0417332 0.212116 0.0412465 -0.108009 0.349277 0.432607 0.0415133 0.392471 0.0665722 0.587523 
3.97275 1.63366 -0.551942 2867.49 -0.0882789 -0.387207 0.108108 0.423382 -0.0427907 -0.425869 0.117413 0.503553 0.0121017 0.0560149 0.15922 0.193451 0.0554198 0.196945 0.0672726 0.296442 
3.71633 1.46064 0.286963 7743.97 -0.0874706 -0.239487 0.136001 0.375973 -0.0602926 -0.214312 0.210249 0.419166 0.0399195 0.180316 0.143772 0.440878 -0.0103095 0.314374 0.196599 0.340735 
3.34632 1.54913 0.259689 11465.3 -0.0587304 -0.201382 0.210211 0.224122 0.184874 -0.384375 0.185667 0.389828 -0.0580427 0.222236 0.220631 0.223574 0.0703849 0.373086 0.18528 0.402662 
3.69399 1.31698 0.129036 15246.3 -0.300693 0.0560911 0.331368 0.0648255 0.399165 -0.116125 0.399165 0.116195 -0.251415 -0.00362239 0.280461 0.161249 0.242488 0.0517033 0.339792 0.318674 
3.61722 1.34242 -0.142639 12109.7 -0.0289077 -0.242307 0.25406 0.278921 0.32393 -0.259447 0.430219 0.268951 -0.0263719 -0.046631 0.200782 0.201267 0.346277 -0.107576 0.359236 0.148634 
1.86112 1.52289 -0.285028 3912.36 0.0512838 -0.0408694 0.169114 0.124124 0.162525 0.0176591 0.602087 0.106622 0.0270122 0.000684879 0.203824 0.0742373 0.192452 -0.0352242 0.662378 0.154498 
1.95666 1.31326 0.109597 7643.14 0.0900261 -0.15149 0.243162 0.354107 -0.0110461 0.128413 0.343495 0.417986 -0.0133284 0.306361 0.180299 0.356452 0.175253 0.197572 0.281099 0.262128 
2.91413 2.43329 -0.0816192 7327.45 -0.189282 -0.0789714 0.367945 0.2606 -0.0188543 -0.162103 0.051893 0.621804 -0.32593 -0.00984829 0.478924 0.0138405 0.0115154 0.02149 0.0143751 0.0223003 
3.63231 1.81512 -0.118764 2784.46 0.113959 -0.192089 0.167479 0.583349 -0.012977 -0.0856334 0.374491 0.447669 0.0422186 0.144919 0.0957657 0.19793 0.192952 -0.018311 0.261038 0.231533 
0 0 0 2468.45 0.0628004 -0.252858 0.157072 0.507159 0.161368 -0.227556 0.200521 0.713118 -0.00196591 -0.0438335 0.0277958 0.070134 0.0219151 -0.0549081 0.0601674 0.0945392 
5.16091 2.66673 1.09592 8595.11 -0.160768 -0.136054 0.389391 0.373169 0.0693079 -0.204289 0.203648 0.258297 -0.210764 -0.0441983 0.462631 0.424103 0.158294 0.0933068 0.158294 0.0996827 
3.26986 2.54841 0.0183156 3494.48 0.0105824 0.00423714 0.0118176 0.00878056 0.324061 0.0202739 0.434614 0.0297415 -0.00673016 0.115678 0.0428667 0.628263 0.223928 0.0335736 0.405589 0.273026 
3.78935 1.71049 -0.52973 2748 -0.0424952 -0.462648 0.128504 0.512292 -0.0712844 -0.331284 0.15296 0.359158 0.029333 0.0952177 0.0586398 0.38994 0.0260635 -0.00818626 0.214653 0.159354 
3.6777 1.28737 -0.454341 19326.3 -0.132844 -0.306359 0.171454 0.467397 0.0896586 -0.0731889 0.470677 0.249725 0.0589587 0.27707 0.0978328 0.286011 0.206403 0.136832 0.269668 0.193083 
1.82696 1.312 -0.167066 7206.33 0.0946643 -0.36806 0.247519 0.448904 0.219937 -0.311751 0.277023 0.584107 -0.00190638 0.00732612 0.0149422 0.0401922 0.0376478 -0.0799458 0.0537507 0.125406 
5.32162 0.874743 0.121635 22295.5 -0.0442233 -0.184621 0.228494 0.3414 -0.0310827 -0.467634 0.0396144 0.469543 -0.234139 0.0455456 0.275318 0.204116 -0.0234761 0.107525 0.0698303 0.401073 
3.70489 1.57538 -0.253726 9410.58 -0.116114 -0.0132797 0.323182 0.218781 0.114524 -0.201596 0.314873 0.269169 0.0381242 0.130216 0.193731 0.394301 0.0498752 0.277771 0.148648 0.543039 
0 0 0 3497.78 0.069566 -0.159675 0.195365 0.301391 0.159796 -0.451085 0.239371 0.525719 0.0386234 0.111089 0.221569 0.216094 -0.0616547 0.221813 0.173404 0.292022 
5.30987 1.01776 0.320828 24539.9 -0.32517 -0.10971 0.331713 0.10971 0.342288 -0.103844 0.342306 0.13435 -0.279201 -0.02096 0.28097 0.252186 0.325824 -0.0481284 0.337336 0.230218 
3.77426 1.16993 -0.305038 10223.4 0.0242303 -0.138871 0.477428 0.291593 0.186101 -0.0725439 0.195365 0.137556 -0.166579 0.0504474 0.51481 0.246783 0.320223 0.0216773 0.323685 0.0771173 
6.25007 0.415797 0.312131 23708.6 -0.0478094 -0.368601 0.170836 0.368925 0.110766 -0.317702 0.152435 0.339447 0.0066637 0.0608726 0.275374 0.376918 0.126877 -0.0289558 0.244595 0.377618 
4.02285 1.08645 -0.708607 33255.8 -0.165292 -0.286549 0.244649 0.345604 0.195703 -0.229272 0.20907 0.234697 -0.20098 0.196099 0.420107 0.28655 0.218125 0.177461 0.224309 0.227125 
6.41256 0.834694 1.28912 25989.5 -0.0517996 -0.045667 0.0557638 0.189516 0.441237 -0.00749871 0.489462 0.0122829 -0.00351924 0.428407 0.0104895 0.445528 0.172404 0.180739 0.189113 0.200444 
0 0 0 3969.77 0.00917781 -0.127722 0.132059 0.367431 -0.0230154 -0.253502 0.357943 0.459825 0.0423515 0.115735 0.149147 0.223006 0.137515 0.296946 0.145646 0.459716 
0 0 0 6478.63 -0.256844 -0.0548439 0.316133 0.17206 0.139679 -0.294366 0.231995 0.377404 -0.130406 0.107184 0.208003 0.292503 -0.186822 0.241262 0.295976 0.401288 
6.16637 0.229362 -0.047234 9366.88 -0.136134 -0.117847 0.330633 0.491144 0.00670975 -0.4547 0.0838117 0.4547 -0.0755283 -0.200043 0.154538 0.339189 0.00490909 0.0379023 0.0543111 0.065784 
4.988 0.16543 0.0628926 8442.94 -0.322217 -0.107441 0.33441 0.194087 -0.0022907 -0.400461 0.157544 0.470524 -0.295775 -0.1258 0.354236 0.292999 -0.0740337 0.0191659 0.0772818 0.0281686 
5.09235 0.884689 -0.0794282 6299 -0.335667 -0.0467368 0.374041 0.228805 -0.0653802 -0.0674215 0.0987633 0.504701 -0.431645 0.0178008 0.472404 0.0524948 -0.0314431 0.00810958 0.0721597 0.0169873 
4.79985 0.366171 -0.432588 3193.26 -0.0591429 0.0087559 0.119885 0.158472 0.133707 0.0037601 0.394625 0.0984082 -0.0228932 0.443676 0.0530244 0.585072 -0.102394 0.20132 0.308989 0.285921 
6.15907 0.650778 0.156804 3101.58 -0.0222747 -0.442988 0.0508655 0.444595 -0.0257622 -0.190983 0.186788 0.27255 0.00939358 0.106684 0.0616966 0.453184 0.152374 0.0507038 0.177377 0.420792 
6.50035 -0.457345 1.32621 3504.92 -0.430809 0.0100017 0.465194 0.0314461 0.0344956 -0.0360338 0.0437689 0.276507 -0.45795 0.0111963 0.4787 0.0263207 0.0344695 0.0261824 0.0392839 0.259869 
6.31303 -0.426221 0.375863 11225.7 -0.00020475 -0.314543 0.00679099 0.321795 -0.00726602 -0.234123 0.100457 0.249194 -0.117058 0.225625 0.138808 0.615775 -0.00702338 0.175618 0.200859 0.367579 
