20
0.807351 1.37523 -0.289584 1127.6 -0.0163929 -0.152168 0.177506 0.229302 -0.0138851 -0.29777 0.122336 0.466379 -0.138579 0.211822 0.215243 0.314382 0.0635839 0.367145 0.216399 0.417564 
0.639278 1.50059 0.111964 905.963 0.0096394 -0.294176 0.0303308 0.394484 0.112514 -0.148907 0.165002 0.24598 -0.0742557 0.270936 0.0792975 0.282002 -0.22492 0.00528314 0.501791 0.3954 
0.73152 1.45868 0.0591985 3721.87 -0.0705356 -0.00383664 0.103706 0.161388 0.118384 -0.0548437 0.215748 0.282174 0.0319281 0.334982 0.0991175 0.603426 0.0464123 0.265527 0.144515 0.483173 
0.894795 1.34225 0.0165052 3090.98 -0.0154367 0.161637 0.196232 0.611983 0.0480253 -0.0273709 0.187462 0.46813 -0.0475829 0.0228006 0.277791 0.271992 0.000517498 0.0952443 0.296176 0.223242 
0.894565 1.34326 0.0885401 7277.65 -0.0212751 -0.368915 0.0422111 0.382095 0.183403 -0.165307 0.196112 0.219556 -0.00666778 -0.0299201 0.0958848 0.395221 0.436042 0.00224059 0.438037 0.136069 
0.826565 1.37363 -0.127282 564.305 -0.0611408 -0.0391847 0.142204 0.487785 0.135095 0.000536191 0.173515 0.556446 0.0275424 0.0786227 0.150978 0.504908 0.0484124 0.00205894 0.0793807 0.289291 
0.439118 1.68394 0.116541 33.2299 0.020923 0.00670396 0.0661352 0.0197554 0.383591 -0.0106372 0.589326 0.0176453 -0.00231038 -0.000669659 0.0646187 0.0146493 0.384217 -0.00836156 0.583287 0.0227333 
1.03082 1.26225 -0.304016 4549.29 -0.321421 -0.111048 0.321511 0.115046 -0.0687248 -0.0545605 0.106585 0.15194 -0.530704 0.111013 0.531228 0.132969 0.223 0.125653 0.223006 0.12607 
0.764924 1.39692 -0.29041 1370.06 -0.0285924 -0.120897 0.148753 0.432328 0.077628 -0.0469087 0.156111 0.398822 -0.196088 0.182448 0.329488 0.403951 0.241007 0.178222 0.276519 0.263791 
0.925107 1.30604 -0.214246 793.449 -0.0166746 -0.14742 0.0707274 0.528683 0.0604375 -0.126803 0.22422 0.423423 0.0231045 -0.108255 0.286534 0.390736 -0.00702093 -0.117892 0.217111 0.34927 
1.34885 1.49141 -0.328438 595.257 -0.0162442 0.0920617 0.0481207 0.0966172 0.384304 0.00636861 0.510547 0.014926 -0.0293305 -0.0163279 0.158233 0.406705 0.328189 0.0122617 0.513685 0.0637206 
1.33317 1.47405 -0.13075 3582.28 -0.0323476 -0.46832 0.0347766 0.468365 0.153319 -0.219798 0.234889 0.220366 0.0155172 -0.0322828 0.0319484 0.0428612 0.395957 -0.0123643 0.470929 0.0180634 
1.00235 1.28532 0.121521 14266.3 -0.184156 -0.148074 0.205662 0.175043 -0.0105666 -0.395876 0.073722 0.397694 -0.147812 0.204587 0.158863 0.23267 -0.0778912 0.43867 0.0787705 0.448736 
1.36953 1.48409 -0.0550655 270.244 0.208028 0.0332114 0.228439 0.0382182 0.279495 0.0207338 0.336754 0.0312258 0.105508 0.431909 0.121839 0.591176 0.113641 0.138691 0.231162 0.24437 
0.917403 1.32911 -0.0931118 73.0089 0.00105595 -0.169821 0.123013 0.600164 0.0719425 -0.232558 0.122175 0.584568 0.017793 0.182819 0.0386026 0.201366 0.00868788 0.215258 0.0325063 0.234433 
3.33259 2.87516 -0.119245 1051.89 0.000999117 0.00120876 0.0044168 0.00818089 0.290705 0.0151854 0.470185 0.0262671 -0.0110806 0.0977726 0.0231992 0.635637 0.203177 0.0217947 0.429858 0.227068 
0.939002 1.27625 -0.273822 148.098 0.0110187 0.0791498 0.0837974 0.194927 -0.313529 0.0339659 0.533711 0.108804 -0.0103162 -0.017167 0.0621923 0.428535 -0.281019 -0.004184 0.379553 0.375693 
0.64675 1.47334 -0.24546 510.023 -0.00291317 -0.0806274 0.18742 0.305978 0.0991269 -0.0464604 0.233727 0.222147 0.0555497 -0.00482792 0.122174 0.639727 0.0402893 -0.044464 0.118578 0.537476 
3.30561 2.80494 1.05264 1299.23 0.00985662 0.0225221 0.170031 0.0774353 0.259863 0.0075546 0.261575 0.0260437 -0.094791 0.319012 0.153063 0.714294 0.109882 0.164455 0.18064 0.333298 
0.663425 1.49453 -0.0227596 348.672 0.0577584 0.0197737 0.311882 0.350242 -0.0744629 0.0191761 0.333949 0.443256 0.0841847 -0.0676366 0.181806 0.46636 -0.0558444 -0.0180493 0.198354 0.387653 
0.951999 1.31664 -0.103207 22.7823 0.0455762 -0.220148 0.0767458 0.580829 0.0274992 -0.212304 0.0673705 0.626277 0.0242094 0.184874 0.0453282 0.23372 0.00939228 0.109068 0.0444633 0.232734 
0.691645 1.44723 -0.290448 235.65 -0.00653352 -0.189142 0.117183 0.476811 0.0162483 -0.135421 0.0751016 0.433879 -0.0530175 0.317444 0.203506 0.391947 0.0356592 0.22552 0.0923403 0.38117 
1.37252 1.53072 0.208341 6468.84 -0.0308674 -0.140845 0.124662 0.602117 0.196386 -0.0942658 0.249284 0.334058 -0.241566 0.159543 0.261819 0.171241 0.294656 0.059506 0.32083 0.0614793 
0.704012 1.43889 -0.244777 97.7861 -0.0197513 0.0563044 0.1673 0.377203 -0.0241177 0.0831168 0.156572 0.490063 0.0109707 -0.0667424 0.124734 0.485979 -0.00616341 -0.0462785 0.0751162 0.529271 
0.697795 1.45232 -0.288796 35.6097 0.0265098 -0.0984204 0.119275 0.582161 0.0387076 -0.0316594 0.15406 0.499841 0.00586894 0.256739 0.111923 0.301077 0.0468807 0.201896 0.103842 0.358084 
3.49469 2.72102 0.863028 2558.21 -0.119923 -0.169195 0.373495 0.323107 0.0661302 -0.294071 0.193646 0.418489 -0.209741 0.0169038 0.593995 0.047493 0.0296459 0.011615 0.0338177 0.0464043 
1.71418 1.59349 -0.440576 1390.74 -0.00878918 0.0307261 0.0655944 0.112663 0.16072 -0.0024245 0.702473 0.0440666 -0.0336483 -0.0125468 0.147749 0.122496 0.209587 -0.0172411 0.609373 0.0778114 
0.742349 1.45112 -0.0211779 3437.21 -0.118357 -0.0713229 0.322436 0.404684 0.0923845 -0.100267 0.303007 0.479231 -0.0928706 0.0981253 0.217815 0.327394 0.0486505 0.183326 0.257605 0.304059 
0.728816 1.44303 -0.11386 22.9837 0.0177498 -0.188573 0.0899954 0.50409 0.0209881 -0.121024 0.158252 0.452673 -0.0305928 0.241789 0.180746 0.377598 0.0387164 0.0820193 0.187168 0.414484 
1.0098 2.5617 -0.551101 833.303 0.0165564 -0.117349 0.0520179 0.4957 0.0402569 -0.112167 0.0696647 0.487801 -0.0276087 0.245001 0.13879 0.394038 0.0709624 0.294573 0.132106 0.368712 
2.40978 1.8159 -0.582985 957.998 0.146272 -0.158177 0.187951 0.208337 0.0305342 -0.234725 0.579917 0.63746 -0.0482263 -0.066489 0.0605483 0.0798148 0.111356 -0.062125 0.16874 0.120249 
0 0 0 11.0419 0.0102457 -0.272368 0.140555 0.314294 0.0110065 -0.189764 0.0963208 0.200835 0.0213351 0.379096 0.0562595 0.479003 0.0767183 0.350843 0.0904137 0.455523 
